Lat	Lon	posInfSurf	negInfSurf	
-42.800000	173.000000	100000.000000	-1000000.000000	
-42.803200	173.000000	100000.000000	-1000000.000000	
-42.806400	173.000000	100000.000000	-1000000.000000	
-42.809600	173.000000	100000.000000	-1000000.000000	
-42.812800	173.000000	100000.000000	-1000000.000000	
-42.816000	173.000000	100000.000000	-1000000.000000	
-42.819200	173.000000	100000.000000	-1000000.000000	
-42.822400	173.000000	100000.000000	-1000000.000000	
-42.825600	173.000000	100000.000000	-1000000.000000	
-42.828800	173.000000	100000.000000	-1000000.000000	
-42.832000	173.000000	100000.000000	-1000000.000000	
-42.835200	173.000000	100000.000000	-1000000.000000	
-42.838400	173.000000	100000.000000	-1000000.000000	
-42.841600	173.000000	100000.000000	-1000000.000000	
-42.844800	173.000000	100000.000000	-1000000.000000	
-42.848000	173.000000	100000.000000	-1000000.000000	
-42.851200	173.000000	100000.000000	-1000000.000000	
-42.854400	173.000000	100000.000000	-1000000.000000	
-42.857600	173.000000	100000.000000	-1000000.000000	
-42.860800	173.000000	100000.000000	-1000000.000000	
-42.864000	173.000000	100000.000000	-1000000.000000	
-42.867200	173.000000	100000.000000	-1000000.000000	
-42.870400	173.000000	100000.000000	-1000000.000000	
-42.873600	173.000000	100000.000000	-1000000.000000	
-42.876800	173.000000	100000.000000	-1000000.000000	
-42.880000	173.000000	100000.000000	-1000000.000000	
-42.883200	173.000000	100000.000000	-1000000.000000	
-42.886400	173.000000	100000.000000	-1000000.000000	
-42.889600	173.000000	100000.000000	-1000000.000000	
-42.892800	173.000000	100000.000000	-1000000.000000	
-42.896000	173.000000	100000.000000	-1000000.000000	
-42.899200	173.000000	100000.000000	-1000000.000000	
-42.902400	173.000000	100000.000000	-1000000.000000	
-42.905600	173.000000	100000.000000	-1000000.000000	
-42.908800	173.000000	100000.000000	-1000000.000000	
-42.912000	173.000000	100000.000000	-1000000.000000	
-42.915200	173.000000	100000.000000	-1000000.000000	
-42.918400	173.000000	100000.000000	-1000000.000000	
-42.921600	173.000000	100000.000000	-1000000.000000	
-42.924800	173.000000	100000.000000	-1000000.000000	
-42.928000	173.000000	100000.000000	-1000000.000000	
-42.931200	173.000000	100000.000000	-1000000.000000	
-42.934400	173.000000	100000.000000	-1000000.000000	
-42.937600	173.000000	100000.000000	-1000000.000000	
-42.940800	173.000000	100000.000000	-1000000.000000	
-42.944000	173.000000	100000.000000	-1000000.000000	
-42.947200	173.000000	100000.000000	-1000000.000000	
-42.950400	173.000000	100000.000000	-1000000.000000	
-42.953600	173.000000	100000.000000	-1000000.000000	
-42.956800	173.000000	100000.000000	-1000000.000000	
-42.960000	173.000000	100000.000000	-1000000.000000	
-42.963200	173.000000	100000.000000	-1000000.000000	
-42.966400	173.000000	100000.000000	-1000000.000000	
-42.969600	173.000000	100000.000000	-1000000.000000	
-42.972800	173.000000	100000.000000	-1000000.000000	
-42.976000	173.000000	100000.000000	-1000000.000000	
-42.979200	173.000000	100000.000000	-1000000.000000	
-42.982400	173.000000	100000.000000	-1000000.000000	
-42.985600	173.000000	100000.000000	-1000000.000000	
-42.988800	173.000000	100000.000000	-1000000.000000	
-42.992000	173.000000	100000.000000	-1000000.000000	
-42.995200	173.000000	100000.000000	-1000000.000000	
-42.998400	173.000000	100000.000000	-1000000.000000	
-43.001600	173.000000	100000.000000	-1000000.000000	
-43.004800	173.000000	100000.000000	-1000000.000000	
-43.008000	173.000000	100000.000000	-1000000.000000	
-43.011200	173.000000	100000.000000	-1000000.000000	
-43.014400	173.000000	100000.000000	-1000000.000000	
-43.017600	173.000000	100000.000000	-1000000.000000	
-43.020800	173.000000	100000.000000	-1000000.000000	
-43.024000	173.000000	100000.000000	-1000000.000000	
-43.027200	173.000000	100000.000000	-1000000.000000	
-43.030400	173.000000	100000.000000	-1000000.000000	
-43.033600	173.000000	100000.000000	-1000000.000000	
-43.036800	173.000000	100000.000000	-1000000.000000	
-43.040000	173.000000	100000.000000	-1000000.000000	
-43.043200	173.000000	100000.000000	-1000000.000000	
-43.046400	173.000000	100000.000000	-1000000.000000	
-43.049600	173.000000	100000.000000	-1000000.000000	
-43.052800	173.000000	100000.000000	-1000000.000000	
-43.056000	173.000000	100000.000000	-1000000.000000	
-43.059200	173.000000	100000.000000	-1000000.000000	
-43.062400	173.000000	100000.000000	-1000000.000000	
-43.065600	173.000000	100000.000000	-1000000.000000	
-43.068800	173.000000	100000.000000	-1000000.000000	
-43.072000	173.000000	100000.000000	-1000000.000000	
-43.075200	173.000000	100000.000000	-1000000.000000	
-43.078400	173.000000	100000.000000	-1000000.000000	
-43.081600	173.000000	100000.000000	-1000000.000000	
-43.084800	173.000000	100000.000000	-1000000.000000	
-43.088000	173.000000	100000.000000	-1000000.000000	
-43.091200	173.000000	100000.000000	-1000000.000000	
-43.094400	173.000000	100000.000000	-1000000.000000	
-43.097600	173.000000	100000.000000	-1000000.000000	
-43.100800	173.000000	100000.000000	-1000000.000000	
-43.104000	173.000000	100000.000000	-1000000.000000	
-43.107200	173.000000	100000.000000	-1000000.000000	
-43.110400	173.000000	100000.000000	-1000000.000000	
-43.113600	173.000000	100000.000000	-1000000.000000	
-43.116800	173.000000	100000.000000	-1000000.000000	
-43.120000	173.000000	100000.000000	-1000000.000000	
-43.123200	173.000000	100000.000000	-1000000.000000	
-43.126400	173.000000	100000.000000	-1000000.000000	
-43.129600	173.000000	100000.000000	-1000000.000000	
-43.132800	173.000000	100000.000000	-1000000.000000	
-43.136000	173.000000	100000.000000	-1000000.000000	
-43.139200	173.000000	100000.000000	-1000000.000000	
-43.142400	173.000000	100000.000000	-1000000.000000	
-43.145600	173.000000	100000.000000	-1000000.000000	
-43.148800	173.000000	100000.000000	-1000000.000000	
-43.152000	173.000000	100000.000000	-1000000.000000	
-43.155200	173.000000	100000.000000	-1000000.000000	
-43.158400	173.000000	100000.000000	-1000000.000000	
-43.161600	173.000000	100000.000000	-1000000.000000	
-43.164800	173.000000	100000.000000	-1000000.000000	
-43.168000	173.000000	100000.000000	-1000000.000000	
-43.171200	173.000000	100000.000000	-1000000.000000	
-43.174400	173.000000	100000.000000	-1000000.000000	
-43.177600	173.000000	100000.000000	-1000000.000000	
-43.180800	173.000000	100000.000000	-1000000.000000	
-43.184000	173.000000	100000.000000	-1000000.000000	
-43.187200	173.000000	100000.000000	-1000000.000000	
-43.190400	173.000000	100000.000000	-1000000.000000	
-43.193600	173.000000	100000.000000	-1000000.000000	
-43.196800	173.000000	100000.000000	-1000000.000000	
-43.200000	173.000000	100000.000000	-1000000.000000	
-43.203200	173.000000	100000.000000	-1000000.000000	
-43.206400	173.000000	100000.000000	-1000000.000000	
-43.209600	173.000000	100000.000000	-1000000.000000	
-43.212800	173.000000	100000.000000	-1000000.000000	
-43.216000	173.000000	100000.000000	-1000000.000000	
-43.219200	173.000000	100000.000000	-1000000.000000	
-43.222400	173.000000	100000.000000	-1000000.000000	
-43.225600	173.000000	100000.000000	-1000000.000000	
-43.228800	173.000000	100000.000000	-1000000.000000	
-43.232000	173.000000	100000.000000	-1000000.000000	
-43.235200	173.000000	100000.000000	-1000000.000000	
-43.238400	173.000000	100000.000000	-1000000.000000	
-43.241600	173.000000	100000.000000	-1000000.000000	
-43.244800	173.000000	100000.000000	-1000000.000000	
-43.248000	173.000000	100000.000000	-1000000.000000	
-43.251200	173.000000	100000.000000	-1000000.000000	
-43.254400	173.000000	100000.000000	-1000000.000000	
-43.257600	173.000000	100000.000000	-1000000.000000	
-43.260800	173.000000	100000.000000	-1000000.000000	
-43.264000	173.000000	100000.000000	-1000000.000000	
-43.267200	173.000000	100000.000000	-1000000.000000	
-43.270400	173.000000	100000.000000	-1000000.000000	
-43.273600	173.000000	100000.000000	-1000000.000000	
-43.276800	173.000000	100000.000000	-1000000.000000	
-43.280000	173.000000	100000.000000	-1000000.000000	
-43.283200	173.000000	100000.000000	-1000000.000000	
-43.286400	173.000000	100000.000000	-1000000.000000	
-43.289600	173.000000	100000.000000	-1000000.000000	
-43.292800	173.000000	100000.000000	-1000000.000000	
-43.296000	173.000000	100000.000000	-1000000.000000	
-43.299200	173.000000	100000.000000	-1000000.000000	
-43.302400	173.000000	100000.000000	-1000000.000000	
-43.305600	173.000000	100000.000000	-1000000.000000	
-43.308800	173.000000	100000.000000	-1000000.000000	
-43.312000	173.000000	100000.000000	-1000000.000000	
-43.315200	173.000000	100000.000000	-1000000.000000	
-43.318400	173.000000	100000.000000	-1000000.000000	
-43.321600	173.000000	100000.000000	-1000000.000000	
-43.324800	173.000000	100000.000000	-1000000.000000	
-43.328000	173.000000	100000.000000	-1000000.000000	
-43.331200	173.000000	100000.000000	-1000000.000000	
-43.334400	173.000000	100000.000000	-1000000.000000	
-43.337600	173.000000	100000.000000	-1000000.000000	
-43.340800	173.000000	100000.000000	-1000000.000000	
-43.344000	173.000000	100000.000000	-1000000.000000	
-43.347200	173.000000	100000.000000	-1000000.000000	
-43.350400	173.000000	100000.000000	-1000000.000000	
-43.353600	173.000000	100000.000000	-1000000.000000	
-43.356800	173.000000	100000.000000	-1000000.000000	
-43.360000	173.000000	100000.000000	-1000000.000000	
-43.363200	173.000000	100000.000000	-1000000.000000	
-43.366400	173.000000	100000.000000	-1000000.000000	
-43.369600	173.000000	100000.000000	-1000000.000000	
-43.372800	173.000000	100000.000000	-1000000.000000	
-43.376000	173.000000	100000.000000	-1000000.000000	
-43.379200	173.000000	100000.000000	-1000000.000000	
-43.382400	173.000000	100000.000000	-1000000.000000	
-43.385600	173.000000	100000.000000	-1000000.000000	
-43.388800	173.000000	100000.000000	-1000000.000000	
-43.392000	173.000000	100000.000000	-1000000.000000	
-43.395200	173.000000	100000.000000	-1000000.000000	
-43.398400	173.000000	100000.000000	-1000000.000000	
-43.401600	173.000000	100000.000000	-1000000.000000	
-43.404800	173.000000	100000.000000	-1000000.000000	
-43.408000	173.000000	100000.000000	-1000000.000000	
-43.411200	173.000000	100000.000000	-1000000.000000	
-43.414400	173.000000	100000.000000	-1000000.000000	
-43.417600	173.000000	100000.000000	-1000000.000000	
-43.420800	173.000000	100000.000000	-1000000.000000	
-43.424000	173.000000	100000.000000	-1000000.000000	
-43.427200	173.000000	100000.000000	-1000000.000000	
-43.430400	173.000000	100000.000000	-1000000.000000	
-43.433600	173.000000	100000.000000	-1000000.000000	
-43.436800	173.000000	100000.000000	-1000000.000000	
-43.440000	173.000000	100000.000000	-1000000.000000	
-43.443200	173.000000	100000.000000	-1000000.000000	
-43.446400	173.000000	100000.000000	-1000000.000000	
-43.449600	173.000000	100000.000000	-1000000.000000	
-43.452800	173.000000	100000.000000	-1000000.000000	
-43.456000	173.000000	100000.000000	-1000000.000000	
-43.459200	173.000000	100000.000000	-1000000.000000	
-43.462400	173.000000	100000.000000	-1000000.000000	
-43.465600	173.000000	100000.000000	-1000000.000000	
-43.468800	173.000000	100000.000000	-1000000.000000	
-43.472000	173.000000	100000.000000	-1000000.000000	
-43.475200	173.000000	100000.000000	-1000000.000000	
-43.478400	173.000000	100000.000000	-1000000.000000	
-43.481600	173.000000	100000.000000	-1000000.000000	
-43.484800	173.000000	100000.000000	-1000000.000000	
-43.488000	173.000000	100000.000000	-1000000.000000	
-43.491200	173.000000	100000.000000	-1000000.000000	
-43.494400	173.000000	100000.000000	-1000000.000000	
-43.497600	173.000000	100000.000000	-1000000.000000	
-43.500800	173.000000	100000.000000	-1000000.000000	
-43.504000	173.000000	100000.000000	-1000000.000000	
-43.507200	173.000000	100000.000000	-1000000.000000	
-43.510400	173.000000	100000.000000	-1000000.000000	
-43.513600	173.000000	100000.000000	-1000000.000000	
-43.516800	173.000000	100000.000000	-1000000.000000	
-43.520000	173.000000	100000.000000	-1000000.000000	
-43.523200	173.000000	100000.000000	-1000000.000000	
-43.526400	173.000000	100000.000000	-1000000.000000	
-43.529600	173.000000	100000.000000	-1000000.000000	
-43.532800	173.000000	100000.000000	-1000000.000000	
-43.536000	173.000000	100000.000000	-1000000.000000	
-43.539200	173.000000	100000.000000	-1000000.000000	
-43.542400	173.000000	100000.000000	-1000000.000000	
-43.545600	173.000000	100000.000000	-1000000.000000	
-43.548800	173.000000	100000.000000	-1000000.000000	
-43.552000	173.000000	100000.000000	-1000000.000000	
-43.555200	173.000000	100000.000000	-1000000.000000	
-43.558400	173.000000	100000.000000	-1000000.000000	
-43.561600	173.000000	100000.000000	-1000000.000000	
-43.564800	173.000000	100000.000000	-1000000.000000	
-43.568000	173.000000	100000.000000	-1000000.000000	
-43.571200	173.000000	100000.000000	-1000000.000000	
-43.574400	173.000000	100000.000000	-1000000.000000	
-43.577600	173.000000	100000.000000	-1000000.000000	
-43.580800	173.000000	100000.000000	-1000000.000000	
-43.584000	173.000000	100000.000000	-1000000.000000	
-43.587200	173.000000	100000.000000	-1000000.000000	
-43.590400	173.000000	100000.000000	-1000000.000000	
-43.593600	173.000000	100000.000000	-1000000.000000	
-43.596800	173.000000	100000.000000	-1000000.000000	
-43.600000	173.000000	100000.000000	-1000000.000000	
-43.603200	173.000000	100000.000000	-1000000.000000	
-43.606400	173.000000	100000.000000	-1000000.000000	
-43.609600	173.000000	100000.000000	-1000000.000000	
-43.612800	173.000000	100000.000000	-1000000.000000	
-43.616000	173.000000	100000.000000	-1000000.000000	
-43.619200	173.000000	100000.000000	-1000000.000000	
-43.622400	173.000000	100000.000000	-1000000.000000	
-43.625600	173.000000	100000.000000	-1000000.000000	
-43.628800	173.000000	100000.000000	-1000000.000000	
-43.632000	173.000000	100000.000000	-1000000.000000	
-43.635200	173.000000	100000.000000	-1000000.000000	
-43.638400	173.000000	100000.000000	-1000000.000000	
-43.641600	173.000000	100000.000000	-1000000.000000	
-43.644800	173.000000	100000.000000	-1000000.000000	
-43.648000	173.000000	100000.000000	-1000000.000000	
-43.651200	173.000000	100000.000000	-1000000.000000	
-43.654400	173.000000	100000.000000	-1000000.000000	
-43.657600	173.000000	100000.000000	-1000000.000000	
-43.660800	173.000000	100000.000000	-1000000.000000	
-43.664000	173.000000	100000.000000	-1000000.000000	
-43.667200	173.000000	100000.000000	-1000000.000000	
-43.670400	173.000000	100000.000000	-1000000.000000	
-43.673600	173.000000	100000.000000	-1000000.000000	
-43.676800	173.000000	100000.000000	-1000000.000000	
-43.680000	173.000000	100000.000000	-1000000.000000	
-43.683200	173.000000	100000.000000	-1000000.000000	
-43.686400	173.000000	100000.000000	-1000000.000000	
-43.689600	173.000000	100000.000000	-1000000.000000	
-43.692800	173.000000	100000.000000	-1000000.000000	
-43.696000	173.000000	100000.000000	-1000000.000000	
-43.699200	173.000000	100000.000000	-1000000.000000	
-43.702400	173.000000	100000.000000	-1000000.000000	
-43.705600	173.000000	100000.000000	-1000000.000000	
-43.708800	173.000000	100000.000000	-1000000.000000	
-43.712000	173.000000	100000.000000	-1000000.000000	
-43.715200	173.000000	100000.000000	-1000000.000000	
-43.718400	173.000000	100000.000000	-1000000.000000	
-43.721600	173.000000	100000.000000	-1000000.000000	
-43.724800	173.000000	100000.000000	-1000000.000000	
-43.728000	173.000000	100000.000000	-1000000.000000	
-43.731200	173.000000	100000.000000	-1000000.000000	
-43.734400	173.000000	100000.000000	-1000000.000000	
-43.737600	173.000000	100000.000000	-1000000.000000	
-43.740800	173.000000	100000.000000	-1000000.000000	
-43.744000	173.000000	100000.000000	-1000000.000000	
-43.747200	173.000000	100000.000000	-1000000.000000	
-43.750400	173.000000	100000.000000	-1000000.000000	
-43.753600	173.000000	100000.000000	-1000000.000000	
-43.756800	173.000000	100000.000000	-1000000.000000	
-43.760000	173.000000	100000.000000	-1000000.000000	
-43.763200	173.000000	100000.000000	-1000000.000000	
-43.766400	173.000000	100000.000000	-1000000.000000	
-43.769600	173.000000	100000.000000	-1000000.000000	
-43.772800	173.000000	100000.000000	-1000000.000000	
-43.776000	173.000000	100000.000000	-1000000.000000	
-43.779200	173.000000	100000.000000	-1000000.000000	
-43.782400	173.000000	100000.000000	-1000000.000000	
-43.785600	173.000000	100000.000000	-1000000.000000	
-43.788800	173.000000	100000.000000	-1000000.000000	
-43.792000	173.000000	100000.000000	-1000000.000000	
-43.795200	173.000000	100000.000000	-1000000.000000	
-43.798400	173.000000	100000.000000	-1000000.000000	
-43.801600	173.000000	100000.000000	-1000000.000000	
-43.804800	173.000000	100000.000000	-1000000.000000	
-43.808000	173.000000	100000.000000	-1000000.000000	
-43.811200	173.000000	100000.000000	-1000000.000000	
-43.814400	173.000000	100000.000000	-1000000.000000	
-43.817600	173.000000	100000.000000	-1000000.000000	
-43.820800	173.000000	100000.000000	-1000000.000000	
-43.824000	173.000000	100000.000000	-1000000.000000	
-43.827200	173.000000	100000.000000	-1000000.000000	
-43.830400	173.000000	100000.000000	-1000000.000000	
-43.833600	173.000000	100000.000000	-1000000.000000	
-43.836800	173.000000	100000.000000	-1000000.000000	
-43.840000	173.000000	100000.000000	-1000000.000000	
-43.843200	173.000000	100000.000000	-1000000.000000	
-43.846400	173.000000	100000.000000	-1000000.000000	
-43.849600	173.000000	100000.000000	-1000000.000000	
-43.852800	173.000000	100000.000000	-1000000.000000	
-43.856000	173.000000	100000.000000	-1000000.000000	
-43.859200	173.000000	100000.000000	-1000000.000000	
-43.862400	173.000000	100000.000000	-1000000.000000	
-43.865600	173.000000	100000.000000	-1000000.000000	
-43.868800	173.000000	100000.000000	-1000000.000000	
-43.872000	173.000000	100000.000000	-1000000.000000	
-43.875200	173.000000	100000.000000	-1000000.000000	
-43.878400	173.000000	100000.000000	-1000000.000000	
-43.881600	173.000000	100000.000000	-1000000.000000	
-43.884800	173.000000	100000.000000	-1000000.000000	
-43.888000	173.000000	100000.000000	-1000000.000000	
-43.891200	173.000000	100000.000000	-1000000.000000	
-43.894400	173.000000	100000.000000	-1000000.000000	
-43.897600	173.000000	100000.000000	-1000000.000000	
-43.900800	173.000000	100000.000000	-1000000.000000	
-43.904000	173.000000	100000.000000	-1000000.000000	
-43.907200	173.000000	100000.000000	-1000000.000000	
-43.910400	173.000000	100000.000000	-1000000.000000	
-43.913600	173.000000	100000.000000	-1000000.000000	
-43.916800	173.000000	100000.000000	-1000000.000000	
-43.920000	173.000000	100000.000000	-1000000.000000	
-43.923200	173.000000	100000.000000	-1000000.000000	
-43.926400	173.000000	100000.000000	-1000000.000000	
-43.929600	173.000000	100000.000000	-1000000.000000	
-43.932800	173.000000	100000.000000	-1000000.000000	
-43.936000	173.000000	100000.000000	-1000000.000000	
-43.939200	173.000000	100000.000000	-1000000.000000	
-43.942400	173.000000	100000.000000	-1000000.000000	
-43.945600	173.000000	100000.000000	-1000000.000000	
-43.948800	173.000000	100000.000000	-1000000.000000	
-43.952000	173.000000	100000.000000	-1000000.000000	
-43.955200	173.000000	100000.000000	-1000000.000000	
-43.958400	173.000000	100000.000000	-1000000.000000	
-43.961600	173.000000	100000.000000	-1000000.000000	
-43.964800	173.000000	100000.000000	-1000000.000000	
-43.968000	173.000000	100000.000000	-1000000.000000	
-43.971200	173.000000	100000.000000	-1000000.000000	
-43.974400	173.000000	100000.000000	-1000000.000000	
-43.977600	173.000000	100000.000000	-1000000.000000	
-43.980800	173.000000	100000.000000	-1000000.000000	
-43.984000	173.000000	100000.000000	-1000000.000000	
-43.987200	173.000000	100000.000000	-1000000.000000	
-43.990400	173.000000	100000.000000	-1000000.000000	
-43.993600	173.000000	100000.000000	-1000000.000000	
-43.996800	173.000000	100000.000000	-1000000.000000	
-44.000000	173.000000	100000.000000	-1000000.000000	
-44.003200	173.000000	100000.000000	-1000000.000000	
-44.006400	173.000000	100000.000000	-1000000.000000	
-44.009600	173.000000	100000.000000	-1000000.000000	
-44.012800	173.000000	100000.000000	-1000000.000000	
-44.016000	173.000000	100000.000000	-1000000.000000	
-44.019200	173.000000	100000.000000	-1000000.000000	
-44.022400	173.000000	100000.000000	-1000000.000000	
-44.025600	173.000000	100000.000000	-1000000.000000	
-44.028800	173.000000	100000.000000	-1000000.000000	
-44.032000	173.000000	100000.000000	-1000000.000000	
-44.035200	173.000000	100000.000000	-1000000.000000	
-44.038400	173.000000	100000.000000	-1000000.000000	
-44.041600	173.000000	100000.000000	-1000000.000000	
-44.044800	173.000000	100000.000000	-1000000.000000	
-44.048000	173.000000	100000.000000	-1000000.000000	
-44.051200	173.000000	100000.000000	-1000000.000000	
-44.054400	173.000000	100000.000000	-1000000.000000	
-44.057600	173.000000	100000.000000	-1000000.000000	
-44.060800	173.000000	100000.000000	-1000000.000000	
-44.064000	173.000000	100000.000000	-1000000.000000	
-44.067200	173.000000	100000.000000	-1000000.000000	
-44.070400	173.000000	100000.000000	-1000000.000000	
-44.073600	173.000000	100000.000000	-1000000.000000	
-44.076800	173.000000	100000.000000	-1000000.000000	
-44.080000	173.000000	100000.000000	-1000000.000000	
-44.083200	173.000000	100000.000000	-1000000.000000	
-44.086400	173.000000	100000.000000	-1000000.000000	
-44.089600	173.000000	100000.000000	-1000000.000000	
-44.092800	173.000000	100000.000000	-1000000.000000	
-44.096000	173.000000	100000.000000	-1000000.000000	
-44.099200	173.000000	100000.000000	-1000000.000000	
-44.102400	173.000000	100000.000000	-1000000.000000	
-44.105600	173.000000	100000.000000	-1000000.000000	
-44.108800	173.000000	100000.000000	-1000000.000000	
-44.112000	173.000000	100000.000000	-1000000.000000	
-44.115200	173.000000	100000.000000	-1000000.000000	
-44.118400	173.000000	100000.000000	-1000000.000000	
-44.121600	173.000000	100000.000000	-1000000.000000	
-44.124800	173.000000	100000.000000	-1000000.000000	
-44.128000	173.000000	100000.000000	-1000000.000000	
-44.131200	173.000000	100000.000000	-1000000.000000	
-44.134400	173.000000	100000.000000	-1000000.000000	
-44.137600	173.000000	100000.000000	-1000000.000000	
-44.140800	173.000000	100000.000000	-1000000.000000	
-44.144000	173.000000	100000.000000	-1000000.000000	
-44.147200	173.000000	100000.000000	-1000000.000000	
-44.150400	173.000000	100000.000000	-1000000.000000	
-44.153600	173.000000	100000.000000	-1000000.000000	
-44.156800	173.000000	100000.000000	-1000000.000000	
-44.160000	173.000000	100000.000000	-1000000.000000	
-44.163200	173.000000	100000.000000	-1000000.000000	
-44.166400	173.000000	100000.000000	-1000000.000000	
-44.169600	173.000000	100000.000000	-1000000.000000	
-44.172800	173.000000	100000.000000	-1000000.000000	
-44.176000	173.000000	100000.000000	-1000000.000000	
-44.179200	173.000000	100000.000000	-1000000.000000	
-44.182400	173.000000	100000.000000	-1000000.000000	
-44.185600	173.000000	100000.000000	-1000000.000000	
-44.188800	173.000000	100000.000000	-1000000.000000	
-44.192000	173.000000	100000.000000	-1000000.000000	
-44.195200	173.000000	100000.000000	-1000000.000000	
-44.198400	173.000000	100000.000000	-1000000.000000	
-44.201600	173.000000	100000.000000	-1000000.000000	
-44.204800	173.000000	100000.000000	-1000000.000000	
-44.208000	173.000000	100000.000000	-1000000.000000	
-44.211200	173.000000	100000.000000	-1000000.000000	
-44.214400	173.000000	100000.000000	-1000000.000000	
-44.217600	173.000000	100000.000000	-1000000.000000	
-44.220800	173.000000	100000.000000	-1000000.000000	
-44.224000	173.000000	100000.000000	-1000000.000000	
-44.227200	173.000000	100000.000000	-1000000.000000	
-44.230400	173.000000	100000.000000	-1000000.000000	
-44.233600	173.000000	100000.000000	-1000000.000000	
-44.236800	173.000000	100000.000000	-1000000.000000	
-44.240000	173.000000	100000.000000	-1000000.000000	
-44.243200	173.000000	100000.000000	-1000000.000000	
-44.246400	173.000000	100000.000000	-1000000.000000	
-44.249600	173.000000	100000.000000	-1000000.000000	
-44.252800	173.000000	100000.000000	-1000000.000000	
-44.256000	173.000000	100000.000000	-1000000.000000	
-44.259200	173.000000	100000.000000	-1000000.000000	
-44.262400	173.000000	100000.000000	-1000000.000000	
-44.265600	173.000000	100000.000000	-1000000.000000	
-44.268800	173.000000	100000.000000	-1000000.000000	
-44.272000	173.000000	100000.000000	-1000000.000000	
-44.275200	173.000000	100000.000000	-1000000.000000	
-44.278400	173.000000	100000.000000	-1000000.000000	
-44.281600	173.000000	100000.000000	-1000000.000000	
-44.284800	173.000000	100000.000000	-1000000.000000	
-44.288000	173.000000	100000.000000	-1000000.000000	
-44.291200	173.000000	100000.000000	-1000000.000000	
-44.294400	173.000000	100000.000000	-1000000.000000	
-44.297600	173.000000	100000.000000	-1000000.000000	
-44.300800	173.000000	100000.000000	-1000000.000000	
-44.304000	173.000000	100000.000000	-1000000.000000	
-44.307200	173.000000	100000.000000	-1000000.000000	
-44.310400	173.000000	100000.000000	-1000000.000000	
-44.313600	173.000000	100000.000000	-1000000.000000	
-44.316800	173.000000	100000.000000	-1000000.000000	
-44.320000	173.000000	100000.000000	-1000000.000000	
-44.323200	173.000000	100000.000000	-1000000.000000	
-44.326400	173.000000	100000.000000	-1000000.000000	
-44.329600	173.000000	100000.000000	-1000000.000000	
-44.332800	173.000000	100000.000000	-1000000.000000	
-44.336000	173.000000	100000.000000	-1000000.000000	
-44.339200	173.000000	100000.000000	-1000000.000000	
-44.342400	173.000000	100000.000000	-1000000.000000	
-44.345600	173.000000	100000.000000	-1000000.000000	
-44.348800	173.000000	100000.000000	-1000000.000000	
-44.352000	173.000000	100000.000000	-1000000.000000	
-44.355200	173.000000	100000.000000	-1000000.000000	
-44.358400	173.000000	100000.000000	-1000000.000000	
-44.361600	173.000000	100000.000000	-1000000.000000	
-44.364800	173.000000	100000.000000	-1000000.000000	
-44.368000	173.000000	100000.000000	-1000000.000000	
-44.371200	173.000000	100000.000000	-1000000.000000	
-44.374400	173.000000	100000.000000	-1000000.000000	
-44.377600	173.000000	100000.000000	-1000000.000000	
-44.380800	173.000000	100000.000000	-1000000.000000	
-44.384000	173.000000	100000.000000	-1000000.000000	
-44.387200	173.000000	100000.000000	-1000000.000000	
-44.390400	173.000000	100000.000000	-1000000.000000	
-44.393600	173.000000	100000.000000	-1000000.000000	
-44.396800	173.000000	100000.000000	-1000000.000000	
-44.400000	173.000000	100000.000000	-1000000.000000	
