Properties at Lat: -43.500000 Lon: 172.500000
Depth 	 Vp 	 Vs 	 Rho
99.500000 	 3.470643 	 2.026437 	 2.367592
98.500000 	 3.471004 	 2.026650 	 2.367650
97.500000 	 3.471364 	 2.026863 	 2.367708
96.500000 	 3.471725 	 2.027077 	 2.367766
95.500000 	 3.472085 	 2.027290 	 2.367824
94.500000 	 3.472446 	 2.027503 	 2.367882
93.500000 	 3.472806 	 2.027717 	 2.367939
92.500000 	 3.473166 	 2.027930 	 2.367997
91.500000 	 3.473527 	 2.028143 	 2.368055
90.500000 	 3.473887 	 2.028357 	 2.368113
89.500000 	 3.474248 	 2.028570 	 2.368171
88.500000 	 3.474608 	 2.028783 	 2.368229
87.500000 	 3.474969 	 2.028997 	 2.368287
86.500000 	 3.475329 	 2.029210 	 2.368345
85.500000 	 3.475690 	 2.029423 	 2.368403
84.500000 	 3.476050 	 2.029637 	 2.368461
83.500000 	 3.476410 	 2.029850 	 2.368518
82.500000 	 3.476771 	 2.030063 	 2.368576
81.500000 	 3.477131 	 2.030277 	 2.368634
80.500000 	 3.477492 	 2.030490 	 2.368692
79.500000 	 3.477852 	 2.030703 	 2.368750
78.500000 	 3.478213 	 2.030917 	 2.368808
77.500000 	 3.478573 	 2.031130 	 2.368866
76.500000 	 3.478933 	 2.031343 	 2.368924
75.500000 	 3.479294 	 2.031557 	 2.368982
74.500000 	 3.479654 	 2.031770 	 2.369040
73.500000 	 3.480015 	 2.031983 	 2.369097
72.500000 	 3.480375 	 2.032197 	 2.369155
71.500000 	 3.480736 	 2.032410 	 2.369213
70.500000 	 3.481096 	 2.032623 	 2.369271
69.500000 	 3.481457 	 2.032837 	 2.369329
68.500000 	 3.481817 	 2.033050 	 2.369387
67.500000 	 3.482177 	 2.033263 	 2.369445
66.500000 	 3.482538 	 2.033477 	 2.369503
65.500000 	 3.482898 	 2.033690 	 2.369561
64.500000 	 3.483259 	 2.033903 	 2.369619
63.500000 	 3.483619 	 2.034117 	 2.369676
62.500000 	 3.483980 	 2.034330 	 2.369734
61.500000 	 3.484340 	 2.034543 	 2.369792
60.500000 	 3.484700 	 2.034757 	 2.369850
59.500000 	 3.485061 	 2.034970 	 2.369908
58.500000 	 3.485421 	 2.035183 	 2.369966
57.500000 	 3.485782 	 2.035397 	 2.370024
56.500000 	 3.486142 	 2.035610 	 2.370082
55.500000 	 3.486503 	 2.035823 	 2.370140
54.500000 	 3.486863 	 2.036037 	 2.370198
53.500000 	 3.487224 	 2.036250 	 2.370255
52.500000 	 3.487584 	 2.036463 	 2.370313
51.500000 	 3.487944 	 2.036677 	 2.370371
50.500000 	 3.488305 	 2.036890 	 2.370429
49.500000 	 3.488665 	 2.037103 	 2.370487
48.500000 	 3.489026 	 2.037317 	 2.370545
47.500000 	 3.489386 	 2.037530 	 2.370603
46.500000 	 3.489747 	 2.037743 	 2.370661
45.500000 	 3.490107 	 2.037957 	 2.370719
44.500000 	 3.490467 	 2.038170 	 2.370776
43.500000 	 3.490828 	 2.038383 	 2.370834
42.500000 	 3.491188 	 2.038597 	 2.370892
41.500000 	 3.491549 	 2.038810 	 2.370950
40.500000 	 3.491909 	 2.039023 	 2.371008
39.500000 	 3.492270 	 2.039237 	 2.371066
38.500000 	 3.492630 	 2.039450 	 2.371124
37.500000 	 3.492991 	 2.039663 	 2.371182
36.500000 	 3.493351 	 2.039877 	 2.371240
35.500000 	 3.493711 	 2.040090 	 2.371298
34.500000 	 3.494072 	 2.040303 	 2.371355
33.500000 	 3.494432 	 2.040517 	 2.371413
32.500000 	 3.494793 	 2.040730 	 2.371471
31.500000 	 3.495153 	 2.040943 	 2.371529
30.500000 	 3.495514 	 2.041157 	 2.371587
29.500000 	 3.495874 	 2.041370 	 2.371645
28.500000 	 3.496235 	 2.041583 	 2.371703
27.500000 	 3.496595 	 2.041797 	 2.371761
26.500000 	 3.496955 	 2.042010 	 2.371819
25.500000 	 3.497316 	 2.042223 	 2.371877
24.500000 	 3.497676 	 2.042437 	 2.371934
23.500000 	 3.498037 	 2.042650 	 2.371992
22.500000 	 3.498397 	 2.042863 	 2.372050
21.500000 	 3.498758 	 2.043077 	 2.372108
20.500000 	 3.499118 	 2.043290 	 2.372166
19.500000 	 3.499478 	 2.043503 	 2.372224
18.500000 	 3.499839 	 2.043717 	 2.372282
17.500000 	 3.500199 	 2.043930 	 2.372340
16.500000 	 3.500560 	 2.044143 	 2.372398
15.500000 	 3.500920 	 2.044357 	 2.372456
14.500000 	 3.501281 	 2.044570 	 2.372513
13.500000 	 3.501641 	 2.044783 	 2.372571
12.500000 	 3.502002 	 2.044997 	 2.372629
11.500000 	 3.502362 	 2.045210 	 2.372687
10.500000 	 3.502722 	 2.045423 	 2.372745
9.500000 	 3.503083 	 2.045637 	 2.372803
8.500000 	 3.503443 	 2.045850 	 2.372861
7.500000 	 3.503804 	 2.046063 	 2.372919
6.500000 	 3.504164 	 2.046277 	 2.372977
5.500000 	 3.504525 	 2.046490 	 2.373035
4.500000 	 3.504885 	 2.046703 	 2.373092
3.500000 	 3.505245 	 2.046917 	 2.373150
2.500000 	 3.505606 	 2.047130 	 2.373208
1.500000 	 3.505966 	 2.047343 	 2.373266
0.500000 	 3.506327 	 2.047557 	 2.373324
-0.500000 	 3.506687 	 2.047770 	 2.373382
-1.500000 	 3.507048 	 2.047983 	 2.373440
-2.500000 	 3.507408 	 2.048197 	 2.373498
-3.500000 	 3.507769 	 2.048410 	 2.373556
-4.500000 	 3.508129 	 2.048623 	 2.373614
-5.500000 	 3.508489 	 2.048837 	 2.373671
-6.500000 	 3.508850 	 2.049050 	 2.373729
-7.500000 	 3.509210 	 2.049263 	 2.373787
-8.500000 	 3.509571 	 2.049477 	 2.373845
-9.500000 	 3.509931 	 2.049690 	 2.373903
-10.500000 	 3.510292 	 2.049903 	 2.373961
-11.500000 	 3.510652 	 2.050117 	 2.374019
-12.500000 	 3.511012 	 2.050330 	 2.374077
-13.500000 	 3.511373 	 2.050543 	 2.374135
-14.500000 	 3.511733 	 2.050757 	 2.374192
-15.500000 	 3.512094 	 2.050970 	 2.374250
-16.500000 	 3.512454 	 2.051183 	 2.374308
-17.500000 	 3.512815 	 2.051397 	 2.374366
-18.500000 	 3.513175 	 2.051610 	 2.374424
-19.500000 	 3.513536 	 2.051823 	 2.374482
-20.500000 	 3.513896 	 2.052037 	 2.374540
-21.500000 	 3.514256 	 2.052250 	 2.374598
-22.500000 	 3.514617 	 2.052463 	 2.374656
-23.500000 	 3.514977 	 2.052677 	 2.374714
-24.500000 	 3.515338 	 2.052890 	 2.374771
-25.500000 	 3.515698 	 2.053103 	 2.374829
-26.500000 	 3.516059 	 2.053317 	 2.374887
-27.500000 	 3.516419 	 2.053530 	 2.374945
-28.500000 	 3.516779 	 2.053743 	 2.375003
-29.500000 	 3.517140 	 2.053957 	 2.375061
-30.500000 	 3.517500 	 2.054170 	 2.375119
-31.500000 	 3.517861 	 2.054383 	 2.375177
-32.500000 	 3.518221 	 2.054597 	 2.375235
-33.500000 	 3.518582 	 2.054810 	 2.375293
-34.500000 	 3.518942 	 2.055023 	 2.375350
-35.500000 	 3.519303 	 2.055237 	 2.375408
-36.500000 	 3.519663 	 2.055450 	 2.375466
-37.500000 	 3.520023 	 2.055663 	 2.375524
-38.500000 	 3.520384 	 2.055877 	 2.375582
-39.500000 	 3.520744 	 2.056090 	 2.375640
-40.500000 	 3.521105 	 2.056303 	 2.375698
-41.500000 	 3.521465 	 2.056517 	 2.375756
-42.500000 	 3.521826 	 2.056730 	 2.375814
-43.500000 	 3.522186 	 2.056943 	 2.375872
-44.500000 	 3.522547 	 2.057157 	 2.375929
-45.500000 	 3.522907 	 2.057370 	 2.375987
-46.500000 	 3.523267 	 2.057583 	 2.376045
-47.500000 	 3.523628 	 2.057797 	 2.376103
-48.500000 	 3.523988 	 2.058010 	 2.376161
-49.500000 	 3.524349 	 2.058223 	 2.376219
-50.500000 	 3.524709 	 2.058437 	 2.376277
-51.500000 	 3.525070 	 2.058650 	 2.376335
-52.500000 	 3.525430 	 2.058863 	 2.376393
-53.500000 	 3.525790 	 2.059077 	 2.376451
-54.500000 	 3.526151 	 2.059290 	 2.376508
-55.500000 	 3.526511 	 2.059503 	 2.376566
-56.500000 	 3.526872 	 2.059717 	 2.376624
-57.500000 	 3.527232 	 2.059930 	 2.376682
-58.500000 	 3.527593 	 2.060143 	 2.376740
-59.500000 	 3.527953 	 2.060356 	 2.376798
-60.500000 	 3.528314 	 2.060570 	 2.376856
-61.500000 	 3.528674 	 2.060783 	 2.376914
-62.500000 	 3.529034 	 2.060996 	 2.376972
-63.500000 	 3.529395 	 2.061210 	 2.377030
-64.500000 	 3.529755 	 2.061423 	 2.377087
-65.500000 	 3.530116 	 2.061636 	 2.377145
-66.500000 	 3.530476 	 2.061850 	 2.377203
-67.500000 	 3.530837 	 2.062063 	 2.377261
-68.500000 	 3.531197 	 2.062276 	 2.377319
-69.500000 	 3.531557 	 2.062490 	 2.377377
-70.500000 	 3.531918 	 2.062703 	 2.377435
-71.500000 	 3.532278 	 2.062916 	 2.377493
-72.500000 	 3.532639 	 2.063130 	 2.377551
-73.500000 	 3.532999 	 2.063343 	 2.377608
-74.500000 	 3.533360 	 2.063556 	 2.377666
-75.500000 	 3.533720 	 2.063770 	 2.377724
-76.500000 	 3.534081 	 2.063983 	 2.377782
-77.500000 	 3.534441 	 2.064196 	 2.377840
-78.500000 	 3.534801 	 2.064410 	 2.377898
-79.500000 	 3.535162 	 2.064623 	 2.377956
-80.500000 	 3.535522 	 2.064836 	 2.378014
-81.500000 	 3.535883 	 2.065050 	 2.378072
-82.500000 	 3.536243 	 2.065263 	 2.378130
-83.500000 	 3.536604 	 2.065476 	 2.378187
-84.500000 	 3.536964 	 2.065690 	 2.378245
-85.500000 	 3.537324 	 2.065903 	 2.378303
-86.500000 	 3.537685 	 2.066116 	 2.378361
-87.500000 	 3.538045 	 2.066330 	 2.378419
-88.500000 	 3.538406 	 2.066543 	 2.378477
-89.500000 	 3.538766 	 2.066756 	 2.378535
-90.500000 	 3.539127 	 2.066970 	 2.378593
-91.500000 	 3.539487 	 2.067183 	 2.378651
-92.500000 	 3.539848 	 2.067396 	 2.378709
-93.500000 	 3.540208 	 2.067610 	 2.378766
-94.500000 	 3.540568 	 2.067823 	 2.378824
-95.500000 	 3.540929 	 2.068036 	 2.378882
-96.500000 	 3.541289 	 2.068250 	 2.378940
-97.500000 	 3.541650 	 2.068463 	 2.378998
-98.500000 	 3.542010 	 2.068676 	 2.379056
-99.500000 	 3.542371 	 2.068890 	 2.379114
-100.500000 	 3.542731 	 2.069103 	 2.379172
-101.500000 	 3.543091 	 2.069316 	 2.379230
-102.500000 	 3.543452 	 2.069530 	 2.379288
-103.500000 	 3.543812 	 2.069743 	 2.379345
-104.500000 	 3.544173 	 2.069956 	 2.379403
-105.500000 	 3.544533 	 2.070170 	 2.379461
-106.500000 	 3.544894 	 2.070383 	 2.379519
-107.500000 	 3.545254 	 2.070596 	 2.379577
-108.500000 	 3.545615 	 2.070810 	 2.379635
-109.500000 	 3.545975 	 2.071023 	 2.379693
-110.500000 	 3.546335 	 2.071236 	 2.379751
-111.500000 	 3.546696 	 2.071450 	 2.379809
-112.500000 	 3.547056 	 2.071663 	 2.379867
-113.500000 	 3.547417 	 2.071876 	 2.379924
-114.500000 	 3.547777 	 2.072090 	 2.379982
-115.500000 	 3.548138 	 2.072303 	 2.380040
-116.500000 	 3.548498 	 2.072516 	 2.380098
-117.500000 	 3.548858 	 2.072730 	 2.380156
-118.500000 	 3.549219 	 2.072943 	 2.380214
-119.500000 	 3.549579 	 2.073156 	 2.380272
-120.500000 	 3.549940 	 2.073370 	 2.380330
-121.500000 	 3.550300 	 2.073583 	 2.380388
-122.500000 	 3.550661 	 2.073796 	 2.380446
-123.500000 	 3.551021 	 2.074010 	 2.380503
-124.500000 	 3.551382 	 2.074223 	 2.380561
-125.500000 	 3.551742 	 2.074436 	 2.380619
-126.500000 	 3.552102 	 2.074650 	 2.380677
-127.500000 	 3.552463 	 2.074863 	 2.380735
-128.500000 	 3.552823 	 2.075076 	 2.380793
-129.500000 	 3.553184 	 2.075290 	 2.380851
-130.500000 	 3.553544 	 2.075503 	 2.380909
-131.500000 	 3.553905 	 2.075716 	 2.380967
-132.500000 	 3.554265 	 2.075930 	 2.381024
-133.500000 	 3.554626 	 2.076143 	 2.381082
-134.500000 	 3.554986 	 2.076356 	 2.381140
-135.500000 	 3.555346 	 2.076570 	 2.381198
-136.500000 	 3.555707 	 2.076783 	 2.381256
-137.500000 	 3.556067 	 2.076996 	 2.381314
-138.500000 	 3.556428 	 2.077210 	 2.381372
-139.500000 	 3.556788 	 2.077423 	 2.381430
-140.500000 	 3.557149 	 2.077636 	 2.381488
-141.500000 	 3.557509 	 2.077850 	 2.381546
-142.500000 	 3.557869 	 2.078063 	 2.381603
-143.500000 	 3.558230 	 2.078276 	 2.381661
-144.500000 	 3.558590 	 2.078490 	 2.381719
-145.500000 	 3.558951 	 2.078703 	 2.381777
-146.500000 	 3.559311 	 2.078916 	 2.381835
-147.500000 	 3.559672 	 2.079130 	 2.381893
-148.500000 	 3.560032 	 2.079343 	 2.381951
-149.500000 	 3.560393 	 2.079556 	 2.382009
-150.500000 	 3.560753 	 2.079770 	 2.382067
-151.500000 	 3.561113 	 2.079983 	 2.382125
-152.500000 	 3.561474 	 2.080196 	 2.382182
-153.500000 	 3.561834 	 2.080410 	 2.382240
-154.500000 	 3.562195 	 2.080623 	 2.382298
-155.500000 	 3.562555 	 2.080836 	 2.382356
-156.500000 	 3.562916 	 2.081050 	 2.382414
-157.500000 	 3.563276 	 2.081263 	 2.382472
-158.500000 	 3.563636 	 2.081476 	 2.382530
-159.500000 	 3.563997 	 2.081690 	 2.382588
-160.500000 	 3.564357 	 2.081903 	 2.382646
-161.500000 	 3.564718 	 2.082116 	 2.382704
-162.500000 	 3.565078 	 2.082330 	 2.382761
-163.500000 	 3.565439 	 2.082543 	 2.382819
-164.500000 	 3.565799 	 2.082756 	 2.382877
-165.500000 	 3.566160 	 2.082970 	 2.382935
-166.500000 	 3.566520 	 2.083183 	 2.382993
-167.500000 	 3.566880 	 2.083396 	 2.383051
-168.500000 	 3.567241 	 2.083610 	 2.383109
-169.500000 	 3.567601 	 2.083823 	 2.383167
-170.500000 	 3.567962 	 2.084036 	 2.383225
-171.500000 	 3.568322 	 2.084250 	 2.383283
-172.500000 	 3.568683 	 2.084463 	 2.383340
-173.500000 	 3.569043 	 2.084676 	 2.383398
-174.500000 	 3.569403 	 2.084890 	 2.383456
-175.500000 	 3.569764 	 2.085103 	 2.383514
-176.500000 	 3.570124 	 2.085316 	 2.383572
-177.500000 	 3.570485 	 2.085530 	 2.383630
-178.500000 	 3.570845 	 2.085743 	 2.383688
-179.500000 	 3.571206 	 2.085956 	 2.383746
-180.500000 	 3.571566 	 2.086170 	 2.383804
-181.500000 	 3.571927 	 2.086383 	 2.383862
-182.500000 	 3.572287 	 2.086596 	 2.383919
-183.500000 	 3.572647 	 2.086810 	 2.383977
-184.500000 	 3.573008 	 2.087023 	 2.384035
-185.500000 	 3.573368 	 2.087236 	 2.384093
-186.500000 	 3.573729 	 2.087450 	 2.384151
-187.500000 	 3.574089 	 2.087663 	 2.384209
-188.500000 	 3.574450 	 2.087876 	 2.384267
-189.500000 	 3.574810 	 2.088090 	 2.384325
-190.500000 	 3.575170 	 2.088303 	 2.384383
-191.500000 	 3.575531 	 2.088516 	 2.384440
-192.500000 	 3.575891 	 2.088730 	 2.384498
-193.500000 	 3.576252 	 2.088943 	 2.384556
-194.500000 	 3.576612 	 2.089156 	 2.384614
-195.500000 	 3.576973 	 2.089370 	 2.384672
-196.500000 	 3.577333 	 2.089583 	 2.384730
-197.500000 	 3.577694 	 2.089796 	 2.384788
-198.500000 	 3.578054 	 2.090010 	 2.384846
-199.500000 	 3.578414 	 2.090223 	 2.384904
-200.500000 	 3.578775 	 2.090436 	 2.384962
-201.500000 	 3.579135 	 2.090650 	 2.385019
-202.500000 	 3.579496 	 2.090863 	 2.385077
-203.500000 	 3.579856 	 2.091076 	 2.385135
-204.500000 	 3.580217 	 2.091290 	 2.385193
-205.500000 	 3.580577 	 2.091503 	 2.385251
-206.500000 	 3.580937 	 2.091716 	 2.385309
-207.500000 	 3.581298 	 2.091930 	 2.385367
-208.500000 	 3.581658 	 2.092143 	 2.385425
-209.500000 	 3.582019 	 2.092356 	 2.385483
-210.500000 	 3.582379 	 2.092570 	 2.385541
-211.500000 	 3.582740 	 2.092783 	 2.385598
-212.500000 	 3.583100 	 2.092996 	 2.385656
-213.500000 	 3.583461 	 2.093210 	 2.385714
-214.500000 	 3.583821 	 2.093423 	 2.385772
-215.500000 	 3.584181 	 2.093636 	 2.385830
-216.500000 	 3.584542 	 2.093850 	 2.385888
-217.500000 	 3.584902 	 2.094063 	 2.385946
-218.500000 	 3.585263 	 2.094276 	 2.386004
-219.500000 	 3.585623 	 2.094490 	 2.386062
-220.500000 	 3.585984 	 2.094703 	 2.386120
-221.500000 	 3.586344 	 2.094916 	 2.386177
-222.500000 	 3.586705 	 2.095130 	 2.386235
-223.500000 	 3.587065 	 2.095343 	 2.386293
-224.500000 	 3.587425 	 2.095556 	 2.386351
-225.500000 	 3.587786 	 2.095770 	 2.386409
-226.500000 	 3.588146 	 2.095983 	 2.386467
-227.500000 	 3.588507 	 2.096196 	 2.386525
-228.500000 	 3.588867 	 2.096410 	 2.386583
-229.500000 	 3.589228 	 2.096623 	 2.386641
-230.500000 	 3.589588 	 2.096836 	 2.386699
-231.500000 	 3.589948 	 2.097049 	 2.386756
-232.500000 	 3.590309 	 2.097263 	 2.386814
-233.500000 	 3.590669 	 2.097476 	 2.386872
-234.500000 	 3.591030 	 2.097689 	 2.386930
-235.500000 	 3.591390 	 2.097903 	 2.386988
-236.500000 	 3.591751 	 2.098116 	 2.387046
-237.500000 	 3.592111 	 2.098329 	 2.387104
-238.500000 	 3.592472 	 2.098543 	 2.387162
-239.500000 	 3.592832 	 2.098756 	 2.387220
-240.500000 	 3.593192 	 2.098969 	 2.387278
-241.500000 	 3.593553 	 2.099183 	 2.387335
-242.500000 	 3.593913 	 2.099396 	 2.387393
-243.500000 	 3.594274 	 2.099609 	 2.387451
-244.500000 	 3.594634 	 2.099823 	 2.387509
-245.500000 	 3.594995 	 2.100036 	 2.387567
-246.500000 	 3.595355 	 2.100249 	 2.387625
-247.500000 	 3.595715 	 2.100463 	 2.387683
-248.500000 	 3.596076 	 2.100676 	 2.387741
-249.500000 	 3.596436 	 2.100889 	 2.387799
-250.500000 	 3.596797 	 2.101103 	 2.387856
-251.500000 	 3.597157 	 2.101316 	 2.387914
-252.500000 	 3.597518 	 2.101529 	 2.387972
-253.500000 	 3.597878 	 2.101743 	 2.388030
-254.500000 	 3.598239 	 2.101956 	 2.388088
-255.500000 	 3.598599 	 2.102169 	 2.388146
-256.500000 	 3.598959 	 2.102383 	 2.388204
-257.500000 	 3.599320 	 2.102596 	 2.388262
-258.500000 	 3.599680 	 2.102809 	 2.388320
-259.500000 	 3.600041 	 2.103023 	 2.388378
-260.500000 	 3.600401 	 2.103236 	 2.388435
-261.500000 	 3.600762 	 2.103449 	 2.388493
-262.500000 	 3.601122 	 2.103663 	 2.388551
-263.500000 	 3.601482 	 2.103876 	 2.388609
-264.500000 	 3.601843 	 2.104089 	 2.388667
-265.500000 	 3.602203 	 2.104303 	 2.388725
-266.500000 	 3.602564 	 2.104516 	 2.388783
-267.500000 	 3.602924 	 2.104729 	 2.388841
-268.500000 	 3.603285 	 2.104943 	 2.388899
-269.500000 	 3.603645 	 2.105156 	 2.388957
-270.500000 	 3.604006 	 2.105369 	 2.389014
-271.500000 	 3.604366 	 2.105583 	 2.389072
-272.500000 	 3.604726 	 2.105796 	 2.389130
-273.500000 	 3.605087 	 2.106009 	 2.389188
-274.500000 	 3.605447 	 2.106223 	 2.389246
-275.500000 	 3.605808 	 2.106436 	 2.389304
-276.500000 	 3.606168 	 2.106649 	 2.389362
-277.500000 	 3.606529 	 2.106863 	 2.389420
-278.500000 	 3.606889 	 2.107076 	 2.389478
-279.500000 	 3.607249 	 2.107289 	 2.389536
-280.500000 	 3.607610 	 2.107503 	 2.389593
-281.500000 	 3.607970 	 2.107716 	 2.389651
-282.500000 	 3.608331 	 2.107929 	 2.389709
-283.500000 	 3.608691 	 2.108143 	 2.389767
-284.500000 	 3.609052 	 2.108356 	 2.389825
-285.500000 	 3.609412 	 2.108569 	 2.389883
-286.500000 	 3.609773 	 2.108783 	 2.389941
-287.500000 	 3.610133 	 2.108996 	 2.389999
-288.500000 	 3.610493 	 2.109209 	 2.390057
-289.500000 	 3.610854 	 2.109423 	 2.390115
-290.500000 	 3.611214 	 2.109636 	 2.390172
-291.500000 	 3.611575 	 2.109849 	 2.390230
-292.500000 	 3.611935 	 2.110063 	 2.390288
-293.500000 	 3.612296 	 2.110276 	 2.390346
-294.500000 	 3.612656 	 2.110489 	 2.390404
-295.500000 	 3.613016 	 2.110703 	 2.390462
-296.500000 	 3.613377 	 2.110916 	 2.390520
-297.500000 	 3.613737 	 2.111129 	 2.390578
-298.500000 	 3.614098 	 2.111343 	 2.390636
-299.500000 	 3.614458 	 2.111556 	 2.390694
-300.500000 	 3.614819 	 2.111769 	 2.390751
-301.500000 	 3.615179 	 2.111983 	 2.390809
-302.500000 	 3.615540 	 2.112196 	 2.390867
-303.500000 	 3.615900 	 2.112409 	 2.390925
-304.500000 	 3.616260 	 2.112623 	 2.390983
-305.500000 	 3.616621 	 2.112836 	 2.391041
-306.500000 	 3.616981 	 2.113049 	 2.391099
-307.500000 	 3.617342 	 2.113263 	 2.391157
-308.500000 	 3.617702 	 2.113476 	 2.391215
-309.500000 	 3.618063 	 2.113689 	 2.391272
-310.500000 	 3.618423 	 2.113903 	 2.391330
-311.500000 	 3.618784 	 2.114116 	 2.391388
-312.500000 	 3.619144 	 2.114329 	 2.391446
-313.500000 	 3.619504 	 2.114543 	 2.391504
-314.500000 	 3.619865 	 2.114756 	 2.391562
-315.500000 	 3.620225 	 2.114969 	 2.391620
-316.500000 	 3.620586 	 2.115183 	 2.391678
-317.500000 	 3.620946 	 2.115396 	 2.391736
-318.500000 	 3.621307 	 2.115609 	 2.391794
-319.500000 	 3.621667 	 2.115823 	 2.391851
-320.500000 	 3.622027 	 2.116036 	 2.391909
-321.500000 	 3.622388 	 2.116249 	 2.391967
-322.500000 	 3.622748 	 2.116463 	 2.392025
-323.500000 	 3.623109 	 2.116676 	 2.392083
-324.500000 	 3.623469 	 2.116889 	 2.392141
-325.500000 	 3.623830 	 2.117103 	 2.392199
-326.500000 	 3.624190 	 2.117316 	 2.392257
-327.500000 	 3.624551 	 2.117529 	 2.392315
-328.500000 	 3.624911 	 2.117743 	 2.392373
-329.500000 	 3.625271 	 2.117956 	 2.392430
-330.500000 	 3.625632 	 2.118169 	 2.392488
-331.500000 	 3.625992 	 2.118383 	 2.392546
-332.500000 	 3.626353 	 2.118596 	 2.392604
-333.500000 	 3.626713 	 2.118809 	 2.392662
-334.500000 	 3.627074 	 2.119023 	 2.392720
-335.500000 	 3.627434 	 2.119236 	 2.392778
-336.500000 	 3.627794 	 2.119449 	 2.392836
-337.500000 	 3.628155 	 2.119663 	 2.392894
-338.500000 	 3.628515 	 2.119876 	 2.392952
-339.500000 	 3.628876 	 2.120089 	 2.393009
-340.500000 	 3.629236 	 2.120303 	 2.393067
-341.500000 	 3.629597 	 2.120516 	 2.393125
-342.500000 	 3.629957 	 2.120729 	 2.393183
-343.500000 	 3.630318 	 2.120943 	 2.393241
-344.500000 	 3.630678 	 2.121156 	 2.393299
-345.500000 	 3.631038 	 2.121369 	 2.393357
-346.500000 	 3.631399 	 2.121583 	 2.393415
-347.500000 	 3.631759 	 2.121796 	 2.393473
-348.500000 	 3.632120 	 2.122009 	 2.393531
-349.500000 	 3.632480 	 2.122223 	 2.393588
-350.500000 	 3.632841 	 2.122436 	 2.393646
-351.500000 	 3.633201 	 2.122649 	 2.393704
-352.500000 	 3.633561 	 2.122863 	 2.393762
-353.500000 	 3.633922 	 2.123076 	 2.393820
-354.500000 	 3.634282 	 2.123289 	 2.393878
-355.500000 	 3.634643 	 2.123503 	 2.393936
-356.500000 	 3.635003 	 2.123716 	 2.393994
-357.500000 	 3.635364 	 2.123929 	 2.394052
-358.500000 	 3.635724 	 2.124143 	 2.394110
-359.500000 	 3.636085 	 2.124356 	 2.394167
-360.500000 	 3.636445 	 2.124569 	 2.394225
-361.500000 	 3.636805 	 2.124783 	 2.394283
-362.500000 	 3.637166 	 2.124996 	 2.394341
-363.500000 	 3.637526 	 2.125209 	 2.394399
-364.500000 	 3.637887 	 2.125423 	 2.394457
-365.500000 	 3.638247 	 2.125636 	 2.394515
-366.500000 	 3.638608 	 2.125849 	 2.394573
-367.500000 	 3.638968 	 2.126063 	 2.394631
-368.500000 	 3.639328 	 2.126276 	 2.394688
-369.500000 	 3.639689 	 2.126489 	 2.394746
-370.500000 	 3.640049 	 2.126703 	 2.394804
-371.500000 	 3.640410 	 2.126916 	 2.394862
-372.500000 	 3.640770 	 2.127129 	 2.394920
-373.500000 	 3.641131 	 2.127343 	 2.394978
-374.500000 	 3.641491 	 2.127556 	 2.395036
-375.500000 	 3.641852 	 2.127769 	 2.395094
-376.500000 	 3.642212 	 2.127983 	 2.395152
-377.500000 	 3.642572 	 2.128196 	 2.395210
-378.500000 	 3.642933 	 2.128409 	 2.395267
-379.500000 	 3.643293 	 2.128623 	 2.395325
-380.500000 	 3.643654 	 2.128836 	 2.395383
-381.500000 	 3.644014 	 2.129049 	 2.395441
-382.500000 	 3.644375 	 2.129263 	 2.395499
-383.500000 	 3.644735 	 2.129476 	 2.395557
-384.500000 	 3.645095 	 2.129689 	 2.395615
-385.500000 	 3.645456 	 2.129903 	 2.395673
-386.500000 	 3.645816 	 2.130116 	 2.395731
-387.500000 	 3.646177 	 2.130329 	 2.395789
-388.500000 	 3.646537 	 2.130543 	 2.395846
-389.500000 	 3.646898 	 2.130756 	 2.395904
-390.500000 	 3.647258 	 2.130969 	 2.395962
-391.500000 	 3.647619 	 2.131183 	 2.396020
-392.500000 	 3.647979 	 2.131396 	 2.396078
-393.500000 	 3.648339 	 2.131609 	 2.396136
-394.500000 	 3.648700 	 2.131823 	 2.396194
-395.500000 	 3.649060 	 2.132036 	 2.396252
-396.500000 	 3.649421 	 2.132249 	 2.396310
-397.500000 	 3.649781 	 2.132463 	 2.396368
-398.500000 	 3.650142 	 2.132676 	 2.396425
-399.500000 	 3.650502 	 2.132889 	 2.396483
-400.500000 	 3.650863 	 2.133102 	 2.396541
-401.500000 	 3.651223 	 2.133316 	 2.396599
-402.500000 	 3.651583 	 2.133529 	 2.396657
-403.500000 	 3.651944 	 2.133742 	 2.396715
-404.500000 	 3.652304 	 2.133956 	 2.396773
-405.500000 	 3.652665 	 2.134169 	 2.396831
-406.500000 	 3.653025 	 2.134382 	 2.396889
-407.500000 	 3.653386 	 2.134596 	 2.396947
-408.500000 	 3.653746 	 2.134809 	 2.397004
-409.500000 	 3.654106 	 2.135022 	 2.397062
-410.500000 	 3.654467 	 2.135236 	 2.397120
-411.500000 	 3.654827 	 2.135449 	 2.397178
-412.500000 	 3.655188 	 2.135662 	 2.397236
-413.500000 	 3.655548 	 2.135876 	 2.397294
-414.500000 	 3.655909 	 2.136089 	 2.397352
-415.500000 	 3.656269 	 2.136302 	 2.397410
-416.500000 	 3.656630 	 2.136516 	 2.397468
-417.500000 	 3.656990 	 2.136729 	 2.397526
-418.500000 	 3.657350 	 2.136942 	 2.397583
-419.500000 	 3.657711 	 2.137156 	 2.397641
-420.500000 	 3.658071 	 2.137369 	 2.397699
-421.500000 	 3.658432 	 2.137582 	 2.397757
-422.500000 	 3.658792 	 2.137796 	 2.397815
-423.500000 	 3.659153 	 2.138009 	 2.397873
-424.500000 	 3.659513 	 2.138222 	 2.397931
-425.500000 	 3.659873 	 2.138436 	 2.397989
-426.500000 	 3.660234 	 2.138649 	 2.398047
-427.500000 	 3.660594 	 2.138862 	 2.398104
-428.500000 	 3.660955 	 2.139076 	 2.398162
-429.500000 	 3.661315 	 2.139289 	 2.398220
-430.500000 	 3.661676 	 2.139502 	 2.398278
-431.500000 	 3.662036 	 2.139716 	 2.398336
-432.500000 	 3.662397 	 2.139929 	 2.398394
-433.500000 	 3.662757 	 2.140142 	 2.398452
-434.500000 	 3.663117 	 2.140356 	 2.398510
-435.500000 	 3.663478 	 2.140569 	 2.398568
-436.500000 	 3.663838 	 2.140782 	 2.398626
-437.500000 	 3.664199 	 2.140996 	 2.398683
-438.500000 	 3.664559 	 2.141209 	 2.398741
-439.500000 	 3.664920 	 2.141422 	 2.398799
-440.500000 	 3.665280 	 2.141636 	 2.398857
-441.500000 	 3.665640 	 2.141849 	 2.398915
-442.500000 	 3.666001 	 2.142062 	 2.398973
-443.500000 	 3.666361 	 2.142276 	 2.399031
-444.500000 	 3.666722 	 2.142489 	 2.399089
-445.500000 	 3.667082 	 2.142702 	 2.399147
-446.500000 	 3.667443 	 2.142916 	 2.399205
-447.500000 	 3.667803 	 2.143129 	 2.399262
-448.500000 	 3.668164 	 2.143342 	 2.399320
-449.500000 	 3.668524 	 2.143556 	 2.399378
-450.500000 	 3.668884 	 2.143769 	 2.399436
-451.500000 	 3.669245 	 2.143982 	 2.399494
-452.500000 	 3.669605 	 2.144196 	 2.399552
-453.500000 	 3.669966 	 2.144409 	 2.399610
-454.500000 	 3.670326 	 2.144622 	 2.399668
-455.500000 	 3.670687 	 2.144836 	 2.399726
-456.500000 	 3.671047 	 2.145049 	 2.399784
-457.500000 	 3.671407 	 2.145262 	 2.399841
-458.500000 	 3.671768 	 2.145476 	 2.399899
-459.500000 	 3.672128 	 2.145689 	 2.399957
-460.500000 	 3.672489 	 2.145902 	 2.400015
-461.500000 	 3.672849 	 2.146116 	 2.400073
-462.500000 	 3.673210 	 2.146329 	 2.400131
-463.500000 	 3.673570 	 2.146542 	 2.400189
-464.500000 	 3.673931 	 2.146756 	 2.400247
-465.500000 	 3.674291 	 2.146969 	 2.400305
-466.500000 	 3.674651 	 2.147182 	 2.400363
-467.500000 	 3.675012 	 2.147396 	 2.400420
-468.500000 	 3.675372 	 2.147609 	 2.400478
-469.500000 	 3.675733 	 2.147822 	 2.400536
-470.500000 	 3.676093 	 2.148036 	 2.400594
-471.500000 	 3.676454 	 2.148249 	 2.400652
-472.500000 	 3.676814 	 2.148462 	 2.400710
-473.500000 	 3.677174 	 2.148676 	 2.400768
-474.500000 	 3.677535 	 2.148889 	 2.400826
-475.500000 	 3.677895 	 2.149102 	 2.400884
-476.500000 	 3.678256 	 2.149316 	 2.400942
-477.500000 	 3.678616 	 2.149529 	 2.400999
-478.500000 	 3.678977 	 2.149742 	 2.401057
-479.500000 	 3.679337 	 2.149956 	 2.401115
-480.500000 	 3.679698 	 2.150169 	 2.401173
-481.500000 	 3.680058 	 2.150382 	 2.401231
-482.500000 	 3.680418 	 2.150596 	 2.401289
-483.500000 	 3.680779 	 2.150809 	 2.401347
-484.500000 	 3.681139 	 2.151022 	 2.401405
-485.500000 	 3.681500 	 2.151236 	 2.401463
-486.500000 	 3.681860 	 2.151449 	 2.401520
-487.500000 	 3.682221 	 2.151662 	 2.401578
-488.500000 	 3.682581 	 2.151876 	 2.401636
-489.500000 	 3.682942 	 2.152089 	 2.401694
-490.500000 	 3.683302 	 2.152302 	 2.401752
-491.500000 	 3.683662 	 2.152516 	 2.401810
-492.500000 	 3.684023 	 2.152729 	 2.401868
-493.500000 	 3.684383 	 2.152942 	 2.401926
-494.500000 	 3.684744 	 2.153156 	 2.401984
-495.500000 	 3.685104 	 2.153369 	 2.402042
-496.500000 	 3.685465 	 2.153582 	 2.402099
-497.500000 	 3.685825 	 2.153796 	 2.402157
-498.500000 	 3.686185 	 2.154009 	 2.402215
-499.500000 	 3.686546 	 2.154222 	 2.402273
-500.500000 	 3.686906 	 2.154436 	 2.402331
-501.500000 	 3.687267 	 2.154649 	 2.402389
-502.500000 	 3.687627 	 2.154862 	 2.402447
-503.500000 	 3.687988 	 2.155076 	 2.402505
-504.500000 	 3.688348 	 2.155289 	 2.402563
-505.500000 	 3.688709 	 2.155502 	 2.402621
-506.500000 	 3.689069 	 2.155716 	 2.402678
-507.500000 	 3.689429 	 2.155929 	 2.402736
-508.500000 	 3.689790 	 2.156142 	 2.402794
-509.500000 	 3.690150 	 2.156356 	 2.402852
-510.500000 	 3.690511 	 2.156569 	 2.402910
-511.500000 	 3.690871 	 2.156782 	 2.402968
-512.500000 	 3.691232 	 2.156996 	 2.403026
-513.500000 	 3.691592 	 2.157209 	 2.403084
-514.500000 	 3.691952 	 2.157422 	 2.403142
-515.500000 	 3.692313 	 2.157636 	 2.403200
-516.500000 	 3.692673 	 2.157849 	 2.403257
-517.500000 	 3.693034 	 2.158062 	 2.403315
-518.500000 	 3.693394 	 2.158276 	 2.403373
-519.500000 	 3.693755 	 2.158489 	 2.403431
-520.500000 	 3.694115 	 2.158702 	 2.403489
-521.500000 	 3.694476 	 2.158916 	 2.403547
-522.500000 	 3.694836 	 2.159129 	 2.403605
-523.500000 	 3.695196 	 2.159342 	 2.403663
-524.500000 	 3.695557 	 2.159556 	 2.403721
-525.500000 	 3.695917 	 2.159769 	 2.403779
-526.500000 	 3.696278 	 2.159982 	 2.403836
-527.500000 	 3.696638 	 2.160196 	 2.403894
-528.500000 	 3.696999 	 2.160409 	 2.403952
-529.500000 	 3.697359 	 2.160622 	 2.404010
-530.500000 	 3.697719 	 2.160836 	 2.404068
-531.500000 	 3.698080 	 2.161049 	 2.404126
-532.500000 	 3.698440 	 2.161262 	 2.404184
-533.500000 	 3.698801 	 2.161476 	 2.404242
-534.500000 	 3.699161 	 2.161689 	 2.404300
-535.500000 	 3.699522 	 2.161902 	 2.404358
-536.500000 	 3.699882 	 2.162116 	 2.404415
-537.500000 	 3.700243 	 2.162329 	 2.404473
-538.500000 	 3.700603 	 2.162542 	 2.404531
-539.500000 	 3.700963 	 2.162756 	 2.404589
-540.500000 	 3.701324 	 2.162969 	 2.404647
-541.500000 	 3.701684 	 2.163182 	 2.404705
-542.500000 	 3.702045 	 2.163396 	 2.404763
-543.500000 	 3.702405 	 2.163609 	 2.404821
-544.500000 	 3.702766 	 2.163822 	 2.404879
-545.500000 	 3.703126 	 2.164036 	 2.404936
-546.500000 	 3.703486 	 2.164249 	 2.404994
-547.500000 	 3.703847 	 2.164462 	 2.405052
-548.500000 	 3.704207 	 2.164676 	 2.405110
-549.500000 	 3.704568 	 2.164889 	 2.405168
-550.500000 	 3.704928 	 2.165102 	 2.405226
-551.500000 	 3.705289 	 2.165316 	 2.405284
-552.500000 	 3.705649 	 2.165529 	 2.405342
-553.500000 	 3.706010 	 2.165742 	 2.405400
-554.500000 	 3.706370 	 2.165956 	 2.405458
-555.500000 	 3.706730 	 2.166169 	 2.405515
-556.500000 	 3.707091 	 2.166382 	 2.405573
-557.500000 	 3.707451 	 2.166596 	 2.405631
-558.500000 	 3.707812 	 2.166809 	 2.405689
-559.500000 	 3.708172 	 2.167022 	 2.405747
-560.500000 	 3.708533 	 2.167236 	 2.405805
-561.500000 	 3.708893 	 2.167449 	 2.405863
-562.500000 	 3.709254 	 2.167662 	 2.405921
-563.500000 	 3.709614 	 2.167876 	 2.405979
-564.500000 	 3.709974 	 2.168089 	 2.406037
-565.500000 	 3.710335 	 2.168302 	 2.406094
-566.500000 	 3.710695 	 2.168516 	 2.406152
-567.500000 	 3.711056 	 2.168729 	 2.406210
-568.500000 	 3.711416 	 2.168942 	 2.406268
-569.500000 	 3.711777 	 2.169156 	 2.406326
-570.500000 	 3.712137 	 2.169369 	 2.406384
-571.500000 	 3.712497 	 2.169582 	 2.406442
-572.500000 	 3.712858 	 2.169795 	 2.406500
-573.500000 	 3.713218 	 2.170009 	 2.406558
-574.500000 	 3.713579 	 2.170222 	 2.406616
-575.500000 	 3.713939 	 2.170435 	 2.406673
-576.500000 	 3.714300 	 2.170649 	 2.406731
-577.500000 	 3.714660 	 2.170862 	 2.406789
-578.500000 	 3.715021 	 2.171075 	 2.406847
-579.500000 	 3.715381 	 2.171289 	 2.406905
-580.500000 	 3.715741 	 2.171502 	 2.406963
-581.500000 	 3.716102 	 2.171715 	 2.407021
-582.500000 	 3.716462 	 2.171929 	 2.407079
-583.500000 	 3.716823 	 2.172142 	 2.407137
-584.500000 	 3.717183 	 2.172355 	 2.407195
-585.500000 	 3.717544 	 2.172569 	 2.407252
-586.500000 	 3.717904 	 2.172782 	 2.407310
-587.500000 	 3.718264 	 2.172995 	 2.407368
-588.500000 	 3.718625 	 2.173209 	 2.407426
-589.500000 	 3.718985 	 2.173422 	 2.407484
-590.500000 	 3.719346 	 2.173635 	 2.407542
-591.500000 	 3.719706 	 2.173849 	 2.407600
-592.500000 	 3.720067 	 2.174062 	 2.407658
-593.500000 	 3.720427 	 2.174275 	 2.407716
-594.500000 	 3.720788 	 2.174489 	 2.407774
-595.500000 	 3.721148 	 2.174702 	 2.407831
-596.500000 	 3.721508 	 2.174915 	 2.407889
-597.500000 	 3.721869 	 2.175129 	 2.407947
-598.500000 	 3.722229 	 2.175342 	 2.408005
-599.500000 	 3.722590 	 2.175555 	 2.408063
-600.500000 	 3.722950 	 2.175769 	 2.408121
-601.500000 	 3.723311 	 2.175982 	 2.408179
-602.500000 	 3.723671 	 2.176195 	 2.408237
-603.500000 	 3.724031 	 2.176409 	 2.408295
-604.500000 	 3.724392 	 2.176622 	 2.408352
-605.500000 	 3.724752 	 2.176835 	 2.408410
-606.500000 	 3.725113 	 2.177049 	 2.408468
-607.500000 	 3.725473 	 2.177262 	 2.408526
-608.500000 	 3.725834 	 2.177475 	 2.408584
-609.500000 	 3.726194 	 2.177689 	 2.408642
-610.500000 	 3.726555 	 2.177902 	 2.408700
-611.500000 	 3.726915 	 2.178115 	 2.408758
-612.500000 	 3.727275 	 2.178329 	 2.408816
-613.500000 	 3.727636 	 2.178542 	 2.408874
-614.500000 	 3.727996 	 2.178755 	 2.408931
-615.500000 	 3.728357 	 2.178969 	 2.408989
-616.500000 	 3.728717 	 2.179182 	 2.409047
-617.500000 	 3.729078 	 2.179395 	 2.409105
-618.500000 	 3.729438 	 2.179609 	 2.409163
-619.500000 	 3.729798 	 2.179822 	 2.409221
-620.500000 	 3.730159 	 2.180035 	 2.409279
-621.500000 	 3.730519 	 2.180249 	 2.409337
-622.500000 	 3.730880 	 2.180462 	 2.409395
-623.500000 	 3.731240 	 2.180675 	 2.409453
-624.500000 	 3.731601 	 2.180889 	 2.409510
-625.500000 	 3.731961 	 2.181102 	 2.409568
-626.500000 	 3.732322 	 2.181315 	 2.409626
-627.500000 	 3.732682 	 2.181529 	 2.409684
-628.500000 	 3.733042 	 2.181742 	 2.409742
-629.500000 	 3.733403 	 2.181955 	 2.409800
-630.500000 	 3.733763 	 2.182169 	 2.409858
-631.500000 	 3.734124 	 2.182382 	 2.409916
-632.500000 	 3.734484 	 2.182595 	 2.409974
-633.500000 	 3.734845 	 2.182809 	 2.410032
-634.500000 	 3.735205 	 2.183022 	 2.410089
-635.500000 	 3.735565 	 2.183235 	 2.410147
-636.500000 	 3.735926 	 2.183449 	 2.410205
-637.500000 	 3.736286 	 2.183662 	 2.410263
-638.500000 	 3.736647 	 2.183875 	 2.410321
-639.500000 	 3.737007 	 2.184089 	 2.410379
-640.500000 	 3.737368 	 2.184302 	 2.410437
-641.500000 	 3.737728 	 2.184515 	 2.410495
-642.500000 	 3.738089 	 2.184729 	 2.410553
-643.500000 	 3.738449 	 2.184942 	 2.410611
-644.500000 	 3.738809 	 2.185155 	 2.410668
-645.500000 	 3.739170 	 2.185369 	 2.410726
-646.500000 	 3.739530 	 2.185582 	 2.410784
-647.500000 	 3.739891 	 2.185795 	 2.410842
-648.500000 	 3.740251 	 2.186009 	 2.410900
-649.500000 	 3.740612 	 2.186222 	 2.410958
-650.500000 	 3.740972 	 2.186435 	 2.411016
-651.500000 	 3.741333 	 2.186649 	 2.411074
-652.500000 	 3.741693 	 2.186862 	 2.411132
-653.500000 	 3.742053 	 2.187075 	 2.411190
-654.500000 	 3.742414 	 2.187289 	 2.411247
-655.500000 	 3.742774 	 2.187502 	 2.411305
-656.500000 	 3.743135 	 2.187715 	 2.411363
-657.500000 	 3.743495 	 2.187929 	 2.411421
-658.500000 	 3.743856 	 2.188142 	 2.411479
-659.500000 	 3.744216 	 2.188355 	 2.411537
-660.500000 	 3.744576 	 2.188569 	 2.411595
-661.500000 	 3.744937 	 2.188782 	 2.411653
-662.500000 	 3.745297 	 2.188995 	 2.411711
-663.500000 	 3.745658 	 2.189209 	 2.411768
-664.500000 	 3.746018 	 2.189422 	 2.411826
-665.500000 	 3.746379 	 2.189635 	 2.411884
-666.500000 	 3.746739 	 2.189849 	 2.411942
-667.500000 	 3.747100 	 2.190062 	 2.412000
-668.500000 	 3.747460 	 2.190275 	 2.412058
-669.500000 	 3.747820 	 2.190489 	 2.412116
-670.500000 	 3.748181 	 2.190702 	 2.412174
-671.500000 	 3.748541 	 2.190915 	 2.412232
-672.500000 	 3.748902 	 2.191129 	 2.412290
-673.500000 	 3.749262 	 2.191342 	 2.412347
-674.500000 	 3.749623 	 2.191555 	 2.412405
-675.500000 	 3.749983 	 2.191769 	 2.412463
-676.500000 	 3.750343 	 2.191982 	 2.412521
-677.500000 	 3.750704 	 2.192195 	 2.412579
-678.500000 	 3.751064 	 2.192409 	 2.412637
-679.500000 	 3.751425 	 2.192622 	 2.412695
-680.500000 	 3.751785 	 2.192835 	 2.412753
-681.500000 	 3.752146 	 2.193049 	 2.412811
-682.500000 	 3.752506 	 2.193262 	 2.412869
-683.500000 	 3.752867 	 2.193475 	 2.412926
-684.500000 	 3.753227 	 2.193689 	 2.412984
-685.500000 	 3.753587 	 2.193902 	 2.413042
-686.500000 	 3.753948 	 2.194115 	 2.413100
-687.500000 	 3.754308 	 2.194329 	 2.413158
-688.500000 	 3.754669 	 2.194542 	 2.413216
-689.500000 	 3.755029 	 2.194755 	 2.413274
-690.500000 	 3.755390 	 2.194969 	 2.413332
-691.500000 	 3.755750 	 2.195182 	 2.413390
-692.500000 	 3.756110 	 2.195395 	 2.413448
-693.500000 	 3.756471 	 2.195609 	 2.413505
-694.500000 	 3.756831 	 2.195822 	 2.413563
-695.500000 	 3.757192 	 2.196035 	 2.413621
-696.500000 	 3.757552 	 2.196249 	 2.413679
-697.500000 	 3.757913 	 2.196462 	 2.413737
-698.500000 	 3.758273 	 2.196675 	 2.413795
-699.500000 	 3.758634 	 2.196889 	 2.413853
-700.500000 	 3.758994 	 2.197102 	 2.413911
-701.500000 	 3.759354 	 2.197315 	 2.413969
-702.500000 	 3.759715 	 2.197529 	 2.414027
-703.500000 	 3.760075 	 2.197742 	 2.414084
-704.500000 	 3.760436 	 2.197955 	 2.414142
-705.500000 	 3.760796 	 2.198169 	 2.414200
-706.500000 	 3.761157 	 2.198382 	 2.414258
-707.500000 	 3.761517 	 2.198595 	 2.414316
-708.500000 	 3.761877 	 2.198809 	 2.414374
-709.500000 	 3.762238 	 2.199022 	 2.414432
-710.500000 	 3.762598 	 2.199235 	 2.414490
-711.500000 	 3.762959 	 2.199449 	 2.414548
-712.500000 	 3.763319 	 2.199662 	 2.414606
-713.500000 	 3.763680 	 2.199875 	 2.414663
-714.500000 	 3.764040 	 2.200089 	 2.414721
-715.500000 	 3.764401 	 2.200302 	 2.414779
-716.500000 	 3.764761 	 2.200515 	 2.414837
-717.500000 	 3.765121 	 2.200729 	 2.414895
-718.500000 	 3.765482 	 2.200942 	 2.414953
-719.500000 	 3.765842 	 2.201155 	 2.415011
-720.500000 	 3.766203 	 2.201369 	 2.415069
-721.500000 	 3.766563 	 2.201582 	 2.415127
-722.500000 	 3.766924 	 2.201795 	 2.415184
-723.500000 	 3.767284 	 2.202009 	 2.415242
-724.500000 	 3.767644 	 2.202222 	 2.415300
-725.500000 	 3.768005 	 2.202435 	 2.415358
-726.500000 	 3.768365 	 2.202649 	 2.415416
-727.500000 	 3.768726 	 2.202862 	 2.415474
-728.500000 	 3.769086 	 2.203075 	 2.415532
-729.500000 	 3.769447 	 2.203289 	 2.415590
-730.500000 	 3.769807 	 2.203502 	 2.415648
-731.500000 	 3.770168 	 2.203715 	 2.415706
-732.500000 	 3.770528 	 2.203929 	 2.415763
-733.500000 	 3.770888 	 2.204142 	 2.415821
-734.500000 	 3.771249 	 2.204355 	 2.415879
-735.500000 	 3.771609 	 2.204569 	 2.415937
-736.500000 	 3.771970 	 2.204782 	 2.415995
-737.500000 	 3.772330 	 2.204995 	 2.416053
-738.500000 	 3.772691 	 2.205209 	 2.416111
-739.500000 	 3.773051 	 2.205422 	 2.416169
-740.500000 	 3.773412 	 2.205635 	 2.416227
-741.500000 	 3.773772 	 2.205849 	 2.416285
-742.500000 	 3.774132 	 2.206062 	 2.416342
-743.500000 	 3.774493 	 2.206275 	 2.416400
-744.500000 	 3.774853 	 2.206488 	 2.416458
-745.500000 	 3.775214 	 2.206702 	 2.416516
-746.500000 	 3.775574 	 2.206915 	 2.416574
-747.500000 	 3.775935 	 2.207128 	 2.416632
-748.500000 	 3.776295 	 2.207342 	 2.416690
-749.500000 	 3.776655 	 2.207555 	 2.416748
-750.500000 	 3.777016 	 2.207768 	 2.416806
-751.500000 	 3.777376 	 2.207982 	 2.416864
-752.500000 	 3.777737 	 2.208195 	 2.416921
-753.500000 	 3.778097 	 2.208408 	 2.416979
-754.500000 	 3.778458 	 2.208622 	 2.417037
-755.500000 	 3.778818 	 2.208835 	 2.417095
-756.500000 	 3.779179 	 2.209048 	 2.417153
-757.500000 	 3.779539 	 2.209262 	 2.417211
-758.500000 	 3.779899 	 2.209475 	 2.417269
-759.500000 	 3.780260 	 2.209688 	 2.417327
-760.500000 	 3.780620 	 2.209902 	 2.417385
-761.500000 	 3.780981 	 2.210115 	 2.417443
-762.500000 	 3.781341 	 2.210328 	 2.417500
-763.500000 	 3.781702 	 2.210542 	 2.417558
-764.500000 	 3.782062 	 2.210755 	 2.417616
-765.500000 	 3.782422 	 2.210968 	 2.417674
-766.500000 	 3.782783 	 2.211182 	 2.417732
-767.500000 	 3.783143 	 2.211395 	 2.417790
-768.500000 	 3.783504 	 2.211608 	 2.417848
-769.500000 	 3.783864 	 2.211822 	 2.417906
-770.500000 	 3.784225 	 2.212035 	 2.417964
-771.500000 	 3.784585 	 2.212248 	 2.418022
-772.500000 	 3.784946 	 2.212462 	 2.418079
-773.500000 	 3.785306 	 2.212675 	 2.418137
-774.500000 	 3.785666 	 2.212888 	 2.418195
-775.500000 	 3.786027 	 2.213102 	 2.418253
-776.500000 	 3.786387 	 2.213315 	 2.418311
-777.500000 	 3.786748 	 2.213528 	 2.418369
-778.500000 	 3.787108 	 2.213742 	 2.418427
-779.500000 	 3.787469 	 2.213955 	 2.418485
-780.500000 	 3.787829 	 2.214168 	 2.418543
-781.500000 	 3.788189 	 2.214382 	 2.418600
-782.500000 	 3.788550 	 2.214595 	 2.418658
-783.500000 	 3.788910 	 2.214808 	 2.418716
-784.500000 	 3.789271 	 2.215022 	 2.418774
-785.500000 	 3.789631 	 2.215235 	 2.418832
-786.500000 	 3.789992 	 2.215448 	 2.418890
-787.500000 	 3.790352 	 2.215662 	 2.418948
-788.500000 	 3.790713 	 2.215875 	 2.419006
-789.500000 	 3.791073 	 2.216088 	 2.419064
-790.500000 	 3.791433 	 2.216302 	 2.419122
-791.500000 	 3.791794 	 2.216515 	 2.419179
-792.500000 	 3.792154 	 2.216728 	 2.419237
-793.500000 	 3.792515 	 2.216942 	 2.419295
-794.500000 	 3.792875 	 2.217155 	 2.419353
-795.500000 	 3.793236 	 2.217368 	 2.419411
-796.500000 	 3.793596 	 2.217582 	 2.419469
-797.500000 	 3.793956 	 2.217795 	 2.419527
-798.500000 	 3.794317 	 2.218008 	 2.419585
-799.500000 	 3.794677 	 2.218222 	 2.419643
-800.500000 	 3.795038 	 2.218435 	 2.419701
-801.500000 	 3.795398 	 2.218648 	 2.419758
-802.500000 	 3.795759 	 2.218862 	 2.419816
-803.500000 	 3.796119 	 2.219075 	 2.419874
-804.500000 	 3.796480 	 2.219288 	 2.419932
-805.500000 	 3.796840 	 2.219502 	 2.419990
-806.500000 	 3.797200 	 2.219715 	 2.420048
-807.500000 	 3.797561 	 2.219928 	 2.420106
-808.500000 	 3.797921 	 2.220142 	 2.420164
-809.500000 	 3.798282 	 2.220355 	 2.420222
-810.500000 	 3.798642 	 2.220568 	 2.420280
-811.500000 	 3.799003 	 2.220782 	 2.420337
-812.500000 	 3.799363 	 2.220995 	 2.420395
-813.500000 	 3.799723 	 2.221208 	 2.420453
-814.500000 	 3.800084 	 2.221422 	 2.420511
-815.500000 	 3.800444 	 2.221635 	 2.420569
-816.500000 	 3.800805 	 2.221848 	 2.420627
-817.500000 	 3.801165 	 2.222062 	 2.420685
-818.500000 	 3.801526 	 2.222275 	 2.420743
-819.500000 	 3.801886 	 2.222488 	 2.420801
-820.500000 	 3.802247 	 2.222702 	 2.420859
-821.500000 	 3.802607 	 2.222915 	 2.420916
-822.500000 	 3.802967 	 2.223128 	 2.420974
-823.500000 	 3.803328 	 2.223342 	 2.421032
-824.500000 	 3.803688 	 2.223555 	 2.421090
-825.500000 	 3.804049 	 2.223768 	 2.421148
-826.500000 	 3.804409 	 2.223982 	 2.421206
-827.500000 	 3.804770 	 2.224195 	 2.421264
-828.500000 	 3.805130 	 2.224408 	 2.421322
-829.500000 	 3.805491 	 2.224622 	 2.421380
-830.500000 	 3.805851 	 2.224835 	 2.421438
-831.500000 	 3.806211 	 2.225048 	 2.421495
-832.500000 	 3.806572 	 2.225262 	 2.421553
-833.500000 	 3.806932 	 2.225475 	 2.421611
-834.500000 	 3.807293 	 2.225688 	 2.421669
-835.500000 	 3.807653 	 2.225902 	 2.421727
-836.500000 	 3.808014 	 2.226115 	 2.421785
-837.500000 	 3.808374 	 2.226328 	 2.421843
-838.500000 	 3.808734 	 2.226542 	 2.421901
-839.500000 	 3.809095 	 2.226755 	 2.421959
-840.500000 	 3.809455 	 2.226968 	 2.422016
-841.500000 	 3.809816 	 2.227182 	 2.422074
-842.500000 	 3.810176 	 2.227395 	 2.422132
-843.500000 	 3.810537 	 2.227608 	 2.422190
-844.500000 	 3.810897 	 2.227822 	 2.422248
-845.500000 	 3.811258 	 2.228035 	 2.422306
-846.500000 	 3.811618 	 2.228248 	 2.422364
-847.500000 	 3.811978 	 2.228462 	 2.422422
-848.500000 	 3.812339 	 2.228675 	 2.422480
-849.500000 	 3.812699 	 2.228888 	 2.422538
-850.500000 	 3.813060 	 2.229102 	 2.422595
-851.500000 	 3.813420 	 2.229315 	 2.422653
-852.500000 	 3.813781 	 2.229528 	 2.422711
-853.500000 	 3.814141 	 2.229742 	 2.422769
-854.500000 	 3.814501 	 2.229955 	 2.422827
-855.500000 	 3.814862 	 2.230168 	 2.422885
-856.500000 	 3.815222 	 2.230382 	 2.422943
-857.500000 	 3.815583 	 2.230595 	 2.423001
-858.500000 	 3.815943 	 2.230808 	 2.423059
-859.500000 	 3.816304 	 2.231022 	 2.423117
-860.500000 	 3.816664 	 2.231235 	 2.423174
-861.500000 	 3.817025 	 2.231448 	 2.423232
-862.500000 	 3.817385 	 2.231662 	 2.423290
-863.500000 	 3.817745 	 2.231875 	 2.423348
-864.500000 	 3.818106 	 2.232088 	 2.423406
-865.500000 	 3.818466 	 2.232302 	 2.423464
-866.500000 	 3.818827 	 2.232515 	 2.423522
-867.500000 	 3.819187 	 2.232728 	 2.423580
-868.500000 	 3.819548 	 2.232942 	 2.423638
-869.500000 	 3.819908 	 2.233155 	 2.423696
-870.500000 	 3.820268 	 2.233368 	 2.423753
-871.500000 	 3.820629 	 2.233582 	 2.423811
-872.500000 	 3.820989 	 2.233795 	 2.423869
-873.500000 	 3.821350 	 2.234008 	 2.423927
-874.500000 	 3.821710 	 2.234222 	 2.423985
-875.500000 	 3.822071 	 2.234435 	 2.424043
-876.500000 	 3.822431 	 2.234648 	 2.424101
-877.500000 	 3.822792 	 2.234862 	 2.424159
-878.500000 	 3.823152 	 2.235075 	 2.424217
-879.500000 	 3.823512 	 2.235288 	 2.424275
-880.500000 	 3.823873 	 2.235502 	 2.424332
-881.500000 	 3.824233 	 2.235715 	 2.424390
-882.500000 	 3.824594 	 2.235928 	 2.424448
-883.500000 	 3.824954 	 2.236142 	 2.424506
-884.500000 	 3.825315 	 2.236355 	 2.424564
-885.500000 	 3.825675 	 2.236568 	 2.424622
-886.500000 	 3.826035 	 2.236782 	 2.424680
-887.500000 	 3.826396 	 2.236995 	 2.424738
-888.500000 	 3.826756 	 2.237208 	 2.424796
-889.500000 	 3.827117 	 2.237422 	 2.424854
-890.500000 	 3.827477 	 2.237635 	 2.424911
-891.500000 	 3.827838 	 2.237848 	 2.424969
-892.500000 	 3.828198 	 2.238062 	 2.425027
-893.500000 	 3.828559 	 2.238275 	 2.425085
-894.500000 	 3.828919 	 2.238488 	 2.425143
-895.500000 	 3.829279 	 2.238702 	 2.425201
-896.500000 	 3.829640 	 2.238915 	 2.425259
-897.500000 	 3.830000 	 2.239128 	 2.425317
-898.500000 	 3.830361 	 2.239342 	 2.425375
-899.500000 	 3.830721 	 2.239555 	 2.425432
-900.500000 	 3.831082 	 2.239768 	 2.425490
-901.500000 	 3.831442 	 2.239982 	 2.425548
-902.500000 	 3.831802 	 2.240195 	 2.425606
-903.500000 	 3.832163 	 2.240408 	 2.425664
-904.500000 	 3.832523 	 2.240622 	 2.425722
-905.500000 	 3.832884 	 2.240835 	 2.425780
-906.500000 	 3.833244 	 2.241048 	 2.425838
-907.500000 	 3.833605 	 2.241262 	 2.425896
-908.500000 	 3.833965 	 2.241475 	 2.425954
-909.500000 	 3.834326 	 2.241688 	 2.426011
-910.500000 	 3.834686 	 2.241902 	 2.426069
-911.500000 	 3.835046 	 2.242115 	 2.426127
-912.500000 	 3.835407 	 2.242328 	 2.426185
-913.500000 	 3.835767 	 2.242542 	 2.426243
-914.500000 	 3.836128 	 2.242755 	 2.426301
-915.500000 	 3.836488 	 2.242968 	 2.426359
-916.500000 	 3.836849 	 2.243181 	 2.426417
-917.500000 	 3.837209 	 2.243395 	 2.426475
-918.500000 	 3.837570 	 2.243608 	 2.426533
-919.500000 	 3.837930 	 2.243821 	 2.426590
-920.500000 	 3.838290 	 2.244035 	 2.426648
-921.500000 	 3.838651 	 2.244248 	 2.426706
-922.500000 	 3.839011 	 2.244461 	 2.426764
-923.500000 	 3.839372 	 2.244675 	 2.426822
-924.500000 	 3.839732 	 2.244888 	 2.426880
-925.500000 	 3.840093 	 2.245101 	 2.426938
-926.500000 	 3.840453 	 2.245315 	 2.426996
-927.500000 	 3.840813 	 2.245528 	 2.427054
-928.500000 	 3.841174 	 2.245741 	 2.427112
-929.500000 	 3.841534 	 2.245955 	 2.427169
-930.500000 	 3.841895 	 2.246168 	 2.427227
-931.500000 	 3.842255 	 2.246381 	 2.427285
-932.500000 	 3.842616 	 2.246595 	 2.427343
-933.500000 	 3.842976 	 2.246808 	 2.427401
-934.500000 	 3.843337 	 2.247021 	 2.427459
-935.500000 	 3.843697 	 2.247235 	 2.427517
-936.500000 	 3.844057 	 2.247448 	 2.427575
-937.500000 	 3.844418 	 2.247661 	 2.427633
-938.500000 	 3.844778 	 2.247875 	 2.427691
-939.500000 	 3.845139 	 2.248088 	 2.427748
-940.500000 	 3.845499 	 2.248301 	 2.427806
-941.500000 	 3.845860 	 2.248515 	 2.427864
-942.500000 	 3.846220 	 2.248728 	 2.427922
-943.500000 	 3.846580 	 2.248941 	 2.427980
-944.500000 	 3.846941 	 2.249155 	 2.428038
-945.500000 	 3.847301 	 2.249368 	 2.428096
-946.500000 	 3.847662 	 2.249581 	 2.428154
-947.500000 	 3.848022 	 2.249795 	 2.428212
-948.500000 	 3.848383 	 2.250008 	 2.428270
-949.500000 	 3.848743 	 2.250221 	 2.428327
-950.500000 	 3.849104 	 2.250435 	 2.428385
-951.500000 	 3.849464 	 2.250648 	 2.428443
-952.500000 	 3.849824 	 2.250861 	 2.428501
-953.500000 	 3.850185 	 2.251075 	 2.428559
-954.500000 	 3.850545 	 2.251288 	 2.428617
-955.500000 	 3.850906 	 2.251501 	 2.428675
-956.500000 	 3.851266 	 2.251715 	 2.428733
-957.500000 	 3.851627 	 2.251928 	 2.428791
-958.500000 	 3.851987 	 2.252141 	 2.428848
-959.500000 	 3.852347 	 2.252355 	 2.428906
-960.500000 	 3.852708 	 2.252568 	 2.428964
-961.500000 	 3.853068 	 2.252781 	 2.429022
-962.500000 	 3.853429 	 2.252995 	 2.429080
-963.500000 	 3.853789 	 2.253208 	 2.429138
-964.500000 	 3.854150 	 2.253421 	 2.429196
-965.500000 	 3.854510 	 2.253635 	 2.429254
-966.500000 	 3.854871 	 2.253848 	 2.429312
-967.500000 	 3.855231 	 2.254061 	 2.429370
-968.500000 	 3.855591 	 2.254275 	 2.429427
-969.500000 	 3.855952 	 2.254488 	 2.429485
-970.500000 	 3.856312 	 2.254701 	 2.429543
-971.500000 	 3.856673 	 2.254915 	 2.429601
-972.500000 	 3.857033 	 2.255128 	 2.429659
-973.500000 	 3.857394 	 2.255341 	 2.429717
-974.500000 	 3.857754 	 2.255555 	 2.429775
-975.500000 	 3.858114 	 2.255768 	 2.429833
-976.500000 	 3.858475 	 2.255981 	 2.429891
-977.500000 	 3.858835 	 2.256195 	 2.429949
-978.500000 	 3.859196 	 2.256408 	 2.430006
-979.500000 	 3.859556 	 2.256621 	 2.430064
-980.500000 	 3.859917 	 2.256835 	 2.430122
-981.500000 	 3.860277 	 2.257048 	 2.430180
-982.500000 	 3.860638 	 2.257261 	 2.430238
-983.500000 	 3.860998 	 2.257475 	 2.430296
-984.500000 	 3.861358 	 2.257688 	 2.430354
-985.500000 	 3.861719 	 2.257901 	 2.430412
-986.500000 	 3.862079 	 2.258115 	 2.430470
-987.500000 	 3.862440 	 2.258328 	 2.430528
-988.500000 	 3.862800 	 2.258541 	 2.430585
-989.500000 	 3.863161 	 2.258755 	 2.430643
-990.500000 	 3.863521 	 2.258968 	 2.430701
-991.500000 	 3.863881 	 2.259181 	 2.430759
-992.500000 	 3.864242 	 2.259395 	 2.430817
-993.500000 	 3.864602 	 2.259608 	 2.430875
-994.500000 	 3.864963 	 2.259821 	 2.430933
-995.500000 	 3.865323 	 2.260035 	 2.430991
-996.500000 	 3.865684 	 2.260248 	 2.431049
-997.500000 	 3.866044 	 2.260461 	 2.431107
-998.500000 	 3.866405 	 2.260675 	 2.431164
-999.500000 	 3.866765 	 2.260888 	 2.431222
-1000.500000 	 3.867125 	 2.261101 	 2.431280
