1
-43.8 -43.8 171.5 173.25 -.0 46 30 30
-42.8 -44.4 172.0 172.0 -.0 46 100 100
-43.2 -43.2 171.0 173.5	-.0 46 100 100-43.4 -43.4 171.0 173.5 -.0 46 100 100
-43.6 -43.6 171.0 173.5 -.0 46 100 100
-43.8 -43.8 171.0 173.5 -.0 46 100 100
-44.0 -44.0 171.0 173.5 -.0 46 100 100
-42.8 -44.4 171.5 171.5 -.0 46 100 100
-42.8 -44.4 172.0 172.0 -.0 46 100 100
-42.8 -44.4 172.5 172.5 -.0 46 100 100
-42.8 -44.4 173.0 173.0 -.0 46 100 100
-42.8 -44.4 171.0 173.5 -.0 46 100 100
-44.4 -42.8 171.0 173.5 -.0 46 100 100
