Properties at Lat: -43.500000 Lon: 172.500000
Depth 	 Vp 	 Vs 	 Rho
99.500000 	 nan 	 nan 	 nan
98.500000 	 nan 	 nan 	 nan
97.500000 	 nan 	 nan 	 nan
96.500000 	 nan 	 nan 	 nan
95.500000 	 nan 	 nan 	 nan
94.500000 	 nan 	 nan 	 nan
93.500000 	 nan 	 nan 	 nan
92.500000 	 nan 	 nan 	 nan
91.500000 	 nan 	 nan 	 nan
90.500000 	 nan 	 nan 	 nan
89.500000 	 nan 	 nan 	 nan
88.500000 	 nan 	 nan 	 nan
87.500000 	 nan 	 nan 	 nan
86.500000 	 nan 	 nan 	 nan
85.500000 	 nan 	 nan 	 nan
84.500000 	 nan 	 nan 	 nan
83.500000 	 nan 	 nan 	 nan
82.500000 	 nan 	 nan 	 nan
81.500000 	 nan 	 nan 	 nan
80.500000 	 nan 	 nan 	 nan
79.500000 	 nan 	 nan 	 nan
78.500000 	 nan 	 nan 	 nan
77.500000 	 nan 	 nan 	 nan
76.500000 	 nan 	 nan 	 nan
75.500000 	 nan 	 nan 	 nan
74.500000 	 nan 	 nan 	 nan
73.500000 	 nan 	 nan 	 nan
72.500000 	 nan 	 nan 	 nan
71.500000 	 nan 	 nan 	 nan
70.500000 	 nan 	 nan 	 nan
69.500000 	 nan 	 nan 	 nan
68.500000 	 nan 	 nan 	 nan
67.500000 	 nan 	 nan 	 nan
66.500000 	 nan 	 nan 	 nan
65.500000 	 nan 	 nan 	 nan
64.500000 	 nan 	 nan 	 nan
63.500000 	 nan 	 nan 	 nan
62.500000 	 nan 	 nan 	 nan
61.500000 	 nan 	 nan 	 nan
60.500000 	 nan 	 nan 	 nan
59.500000 	 nan 	 nan 	 nan
58.500000 	 nan 	 nan 	 nan
57.500000 	 nan 	 nan 	 nan
56.500000 	 nan 	 nan 	 nan
55.500000 	 nan 	 nan 	 nan
54.500000 	 nan 	 nan 	 nan
53.500000 	 nan 	 nan 	 nan
52.500000 	 nan 	 nan 	 nan
51.500000 	 nan 	 nan 	 nan
50.500000 	 nan 	 nan 	 nan
49.500000 	 nan 	 nan 	 nan
48.500000 	 nan 	 nan 	 nan
47.500000 	 nan 	 nan 	 nan
46.500000 	 nan 	 nan 	 nan
45.500000 	 1.600000 	 0.170000 	 1.697100
44.500000 	 1.600000 	 0.170000 	 1.697100
43.500000 	 1.600000 	 0.170000 	 1.697100
42.500000 	 1.600000 	 0.170000 	 1.697100
41.500000 	 1.600000 	 0.170000 	 1.697100
40.500000 	 1.600000 	 0.170000 	 1.697100
39.500000 	 1.600000 	 0.170000 	 1.697100
38.500000 	 1.600000 	 0.170000 	 1.697100
37.500000 	 1.600000 	 0.170000 	 1.697100
36.500000 	 1.600000 	 0.170000 	 1.697100
35.500000 	 1.600000 	 0.170000 	 1.697100
34.500000 	 1.600000 	 0.170000 	 1.697100
33.500000 	 1.600000 	 0.170000 	 1.697100
32.500000 	 1.600000 	 0.170000 	 1.697100
31.500000 	 1.600000 	 0.170000 	 1.697100
30.500000 	 1.600000 	 0.170000 	 1.697100
29.500000 	 1.600000 	 0.400000 	 1.697100
28.500000 	 1.600000 	 0.400000 	 1.697100
27.500000 	 1.600000 	 0.400000 	 1.697100
26.500000 	 1.600000 	 0.400000 	 1.697100
25.500000 	 1.600000 	 0.400000 	 1.697100
24.500000 	 1.600000 	 0.400000 	 1.697100
23.500000 	 1.600000 	 0.400000 	 1.697100
22.500000 	 1.600000 	 0.400000 	 1.697100
21.500000 	 1.600000 	 0.400000 	 1.697100
20.500000 	 1.600000 	 0.400000 	 1.697100
19.500000 	 1.600000 	 0.400000 	 1.697100
18.500000 	 1.600000 	 0.400000 	 1.697100
17.500000 	 1.600000 	 0.400000 	 1.697100
16.500000 	 1.600000 	 0.400000 	 1.697100
15.500000 	 1.600000 	 0.400000 	 1.697100
14.500000 	 1.600000 	 0.400000 	 1.697100
13.500000 	 1.600000 	 0.400000 	 1.697100
12.500000 	 1.600000 	 0.400000 	 1.697100
11.500000 	 1.600000 	 0.400000 	 1.697100
10.500000 	 1.600000 	 0.400000 	 1.697100
9.500000 	 1.600000 	 0.400000 	 1.697100
8.500000 	 1.600000 	 0.400000 	 1.697100
7.500000 	 1.600000 	 0.400000 	 1.697100
6.500000 	 1.600000 	 0.400000 	 1.697100
5.500000 	 1.600000 	 0.400000 	 1.697100
4.500000 	 1.600000 	 0.400000 	 1.697100
3.500000 	 1.600000 	 0.400000 	 1.697100
2.500000 	 1.600000 	 0.400000 	 1.697100
1.500000 	 1.600000 	 0.400000 	 1.697100
0.500000 	 1.600000 	 0.400000 	 1.697100
-0.500000 	 1.600000 	 0.400000 	 1.697100
-1.500000 	 1.600000 	 0.400000 	 1.697100
-2.500000 	 1.600000 	 0.400000 	 1.697100
-3.500000 	 1.600000 	 0.300000 	 1.697100
-4.500000 	 1.600000 	 0.300000 	 1.697100
-5.500000 	 1.600000 	 0.300000 	 1.697100
-6.500000 	 1.600000 	 0.300000 	 1.697100
-7.500000 	 1.600000 	 0.300000 	 1.697100
-8.500000 	 1.600000 	 0.300000 	 1.697100
-9.500000 	 1.600000 	 0.300000 	 1.697100
-10.500000 	 1.600000 	 0.300000 	 1.697100
-11.500000 	 1.600000 	 0.300000 	 1.697100
-12.500000 	 1.600000 	 0.300000 	 1.697100
-13.500000 	 1.600000 	 0.300000 	 1.697100
-14.500000 	 1.600000 	 0.300000 	 1.697100
-15.500000 	 1.600000 	 0.300000 	 1.697100
-16.500000 	 1.600000 	 0.300000 	 1.697100
-17.500000 	 1.600000 	 0.300000 	 1.697100
-18.500000 	 1.600000 	 0.300000 	 1.697100
-19.500000 	 1.600000 	 0.300000 	 1.697100
-20.500000 	 1.600000 	 0.300000 	 1.697100
-21.500000 	 1.600000 	 0.300000 	 1.697100
-22.500000 	 1.600000 	 0.300000 	 1.697100
-23.500000 	 1.600000 	 0.300000 	 1.697100
-24.500000 	 1.600000 	 0.300000 	 1.697100
-25.500000 	 1.600000 	 0.300000 	 1.697100
-26.500000 	 1.600000 	 0.300000 	 1.697100
-27.500000 	 1.600000 	 0.300000 	 1.697100
-28.500000 	 1.600000 	 0.300000 	 1.697100
-29.500000 	 1.600000 	 0.300000 	 1.697100
-30.500000 	 1.600000 	 0.300000 	 1.697100
-31.500000 	 1.600000 	 0.300000 	 1.697100
-32.500000 	 1.600000 	 0.300000 	 1.697100
-33.500000 	 1.600000 	 0.300000 	 1.697100
-34.500000 	 1.600000 	 0.300000 	 1.697100
-35.500000 	 1.600000 	 0.300000 	 1.697100
-36.500000 	 1.600000 	 0.300000 	 1.697100
-37.500000 	 1.600000 	 0.300000 	 1.697100
-38.500000 	 1.600000 	 0.300000 	 1.697100
-39.500000 	 1.600000 	 0.300000 	 1.697100
-40.500000 	 1.600000 	 0.300000 	 1.697100
-41.500000 	 1.600000 	 0.300000 	 1.697100
-42.500000 	 1.600000 	 0.300000 	 1.697100
-43.500000 	 1.600000 	 0.300000 	 1.697100
-44.500000 	 1.600000 	 0.300000 	 1.697100
-45.500000 	 1.600000 	 0.300000 	 1.697100
-46.500000 	 1.600000 	 0.300000 	 1.697100
-47.500000 	 1.600000 	 0.300000 	 1.697100
-48.500000 	 1.600000 	 0.500000 	 1.697100
-49.500000 	 1.600000 	 0.500000 	 1.697100
-50.500000 	 1.600000 	 0.500000 	 1.697100
-51.500000 	 1.600000 	 0.500000 	 1.697100
-52.500000 	 1.600000 	 0.500000 	 1.697100
-53.500000 	 1.600000 	 0.400000 	 1.697100
-54.500000 	 1.600000 	 0.400000 	 1.697100
-55.500000 	 1.600000 	 0.400000 	 1.697100
-56.500000 	 1.600000 	 0.400000 	 1.697100
-57.500000 	 1.600000 	 0.400000 	 1.697100
-58.500000 	 1.600000 	 0.400000 	 1.697100
-59.500000 	 1.600000 	 0.400000 	 1.697100
-60.500000 	 1.600000 	 0.400000 	 1.697100
-61.500000 	 1.600000 	 0.400000 	 1.697100
-62.500000 	 1.600000 	 0.400000 	 1.697100
-63.500000 	 1.600000 	 0.400000 	 1.697100
-64.500000 	 1.600000 	 0.400000 	 1.697100
-65.500000 	 1.600000 	 0.400000 	 1.697100
-66.500000 	 1.600000 	 0.400000 	 1.697100
-67.500000 	 1.600000 	 0.400000 	 1.697100
-68.500000 	 1.600000 	 0.400000 	 1.697100
-69.500000 	 1.600000 	 0.400000 	 1.697100
-70.500000 	 1.600000 	 0.400000 	 1.697100
-71.500000 	 1.600000 	 0.400000 	 1.697100
-72.500000 	 1.600000 	 0.400000 	 1.697100
-73.500000 	 1.600000 	 0.400000 	 1.697100
-74.500000 	 1.600000 	 0.400000 	 1.697100
-75.500000 	 1.600000 	 0.400000 	 1.697100
-76.500000 	 1.600000 	 0.600000 	 1.697100
-77.500000 	 1.600000 	 0.600000 	 1.697100
-78.500000 	 1.600000 	 0.600000 	 1.697100
-79.500000 	 1.600000 	 0.600000 	 1.697100
-80.500000 	 1.600000 	 0.600000 	 1.697100
-81.500000 	 1.600000 	 0.600000 	 1.697100
-82.500000 	 1.600000 	 0.600000 	 1.697100
-83.500000 	 1.600000 	 0.400000 	 1.697100
-84.500000 	 1.600000 	 0.400000 	 1.697100
-85.500000 	 1.600000 	 0.400000 	 1.697100
-86.500000 	 1.600000 	 0.400000 	 1.697100
-87.500000 	 1.600000 	 0.400000 	 1.697100
-88.500000 	 1.600000 	 0.400000 	 1.697100
-89.500000 	 1.600000 	 0.400000 	 1.697100
-90.500000 	 1.600000 	 0.400000 	 1.697100
-91.500000 	 1.600000 	 0.400000 	 1.697100
-92.500000 	 1.600000 	 0.400000 	 1.697100
-93.500000 	 1.600000 	 0.400000 	 1.697100
-94.500000 	 1.600000 	 0.400000 	 1.697100
-95.500000 	 1.600000 	 0.400000 	 1.697100
-96.500000 	 1.600000 	 0.400000 	 1.697100
-97.500000 	 1.600000 	 0.400000 	 1.697100
-98.500000 	 1.600000 	 0.400000 	 1.697100
-99.500000 	 1.600000 	 0.400000 	 1.697100
-100.500000 	 1.600000 	 0.400000 	 1.697100
-101.500000 	 1.600000 	 0.400000 	 1.697100
-102.500000 	 1.600000 	 0.400000 	 1.697100
-103.500000 	 1.600000 	 0.400000 	 1.697100
-104.500000 	 1.600000 	 0.400000 	 1.697100
-105.500000 	 1.600000 	 0.400000 	 1.697100
-106.500000 	 1.600000 	 0.400000 	 1.697100
-107.500000 	 1.600000 	 0.400000 	 1.697100
-108.500000 	 1.600000 	 0.400000 	 1.697100
-109.500000 	 1.600000 	 0.400000 	 1.697100
-110.500000 	 1.600000 	 0.400000 	 1.697100
-111.500000 	 1.600000 	 0.400000 	 1.697100
-112.500000 	 1.600000 	 0.400000 	 1.697100
-113.500000 	 1.600000 	 0.400000 	 1.697100
-114.500000 	 1.600000 	 0.400000 	 1.697100
-115.500000 	 1.600000 	 0.400000 	 1.697100
-116.500000 	 1.600000 	 0.400000 	 1.697100
-117.500000 	 1.600000 	 0.400000 	 1.697100
-118.500000 	 1.600000 	 0.400000 	 1.697100
-119.500000 	 1.600000 	 0.400000 	 1.697100
-120.500000 	 1.600000 	 0.400000 	 1.697100
-121.500000 	 1.600000 	 0.400000 	 1.697100
-122.500000 	 1.600000 	 0.400000 	 1.697100
-123.500000 	 1.600000 	 0.400000 	 1.697100
-124.500000 	 1.600000 	 0.400000 	 1.697100
-125.500000 	 1.600000 	 0.400000 	 1.697100
-126.500000 	 1.600000 	 0.400000 	 1.697100
-127.500000 	 1.600000 	 0.400000 	 1.697100
-128.500000 	 1.600000 	 0.400000 	 1.697100
-129.500000 	 1.600000 	 0.400000 	 1.697100
-130.500000 	 1.600000 	 0.400000 	 1.697100
-131.500000 	 1.600000 	 0.400000 	 1.697100
-132.500000 	 1.600000 	 0.400000 	 1.697100
-133.500000 	 1.600000 	 0.400000 	 1.697100
-134.500000 	 1.600000 	 0.400000 	 1.697100
-135.500000 	 1.600000 	 0.400000 	 1.697100
-136.500000 	 1.600000 	 0.400000 	 1.697100
-137.500000 	 1.600000 	 0.400000 	 1.697100
-138.500000 	 1.600000 	 0.400000 	 1.697100
-139.500000 	 1.600000 	 0.400000 	 1.697100
-140.500000 	 1.600000 	 0.400000 	 1.697100
-141.500000 	 1.600000 	 0.400000 	 1.697100
-142.500000 	 1.600000 	 0.400000 	 1.697100
-143.500000 	 1.600000 	 0.400000 	 1.697100
-144.500000 	 1.600000 	 0.400000 	 1.697100
-145.500000 	 1.600000 	 0.400000 	 1.697100
-146.500000 	 1.600000 	 0.400000 	 1.697100
-147.500000 	 1.600000 	 0.400000 	 1.697100
-148.500000 	 1.600000 	 0.400000 	 1.697100
-149.500000 	 1.600000 	 0.400000 	 1.697100
-150.500000 	 1.600000 	 0.400000 	 1.697100
-151.500000 	 1.600000 	 0.400000 	 1.697100
-152.500000 	 1.600000 	 0.400000 	 1.697100
-153.500000 	 1.600000 	 0.400000 	 1.697100
-154.500000 	 1.600000 	 0.400000 	 1.697100
-155.500000 	 1.600000 	 0.400000 	 1.697100
-156.500000 	 1.600000 	 0.400000 	 1.697100
-157.500000 	 1.600000 	 0.400000 	 1.697100
-158.500000 	 1.600000 	 0.400000 	 1.697100
-159.500000 	 1.600000 	 0.400000 	 1.697100
-160.500000 	 1.600000 	 0.400000 	 1.697100
-161.500000 	 1.600000 	 0.400000 	 1.697100
-162.500000 	 1.600000 	 0.400000 	 1.697100
-163.500000 	 1.600000 	 0.400000 	 1.697100
-164.500000 	 1.600000 	 0.400000 	 1.697100
-165.500000 	 1.600000 	 0.400000 	 1.697100
-166.500000 	 1.600000 	 0.400000 	 1.697100
-167.500000 	 1.600000 	 0.400000 	 1.697100
-168.500000 	 1.600000 	 0.400000 	 1.697100
-169.500000 	 1.600000 	 0.400000 	 1.697100
-170.500000 	 1.600000 	 0.400000 	 1.697100
-171.500000 	 1.600000 	 0.400000 	 1.697100
-172.500000 	 1.600000 	 0.400000 	 1.697100
-173.500000 	 1.600000 	 0.400000 	 1.697100
-174.500000 	 1.600000 	 0.400000 	 1.697100
-175.500000 	 1.600000 	 0.400000 	 1.697100
-176.500000 	 1.600000 	 0.400000 	 1.697100
-177.500000 	 1.600000 	 0.400000 	 1.697100
-178.500000 	 1.600000 	 0.400000 	 1.697100
-179.500000 	 1.600000 	 0.400000 	 1.697100
-180.500000 	 1.600000 	 0.400000 	 1.697100
-181.500000 	 1.600000 	 0.400000 	 1.697100
-182.500000 	 1.600000 	 0.400000 	 1.697100
-183.500000 	 1.600000 	 0.400000 	 1.697100
-184.500000 	 1.600000 	 0.400000 	 1.697100
-185.500000 	 1.600000 	 0.400000 	 1.697100
-186.500000 	 1.600000 	 0.400000 	 1.697100
-187.500000 	 1.600000 	 0.400000 	 1.697100
-188.500000 	 1.600000 	 0.400000 	 1.697100
-189.500000 	 1.600000 	 0.400000 	 1.697100
-190.500000 	 1.600000 	 0.400000 	 1.697100
-191.500000 	 1.600000 	 0.400000 	 1.697100
-192.500000 	 1.600000 	 0.400000 	 1.697100
-193.500000 	 1.600000 	 0.400000 	 1.697100
-194.500000 	 1.600000 	 0.400000 	 1.697100
-195.500000 	 1.600000 	 0.400000 	 1.697100
-196.500000 	 1.600000 	 0.400000 	 1.697100
-197.500000 	 1.600000 	 0.400000 	 1.697100
-198.500000 	 1.600000 	 0.400000 	 1.697100
-199.500000 	 1.600000 	 0.400000 	 1.697100
-200.500000 	 1.600000 	 0.400000 	 1.697100
-201.500000 	 1.600000 	 0.400000 	 1.697100
-202.500000 	 1.600000 	 0.400000 	 1.697100
-203.500000 	 1.600000 	 0.400000 	 1.697100
-204.500000 	 1.600000 	 0.400000 	 1.697100
-205.500000 	 1.600000 	 0.400000 	 1.697100
-206.500000 	 1.600000 	 0.400000 	 1.697100
-207.500000 	 1.600000 	 0.400000 	 1.697100
-208.500000 	 1.600000 	 0.400000 	 1.697100
-209.500000 	 1.600000 	 0.400000 	 1.697100
-210.500000 	 1.600000 	 0.400000 	 1.697100
-211.500000 	 1.600000 	 0.400000 	 1.697100
-212.500000 	 1.600000 	 0.400000 	 1.697100
-213.500000 	 1.600000 	 0.400000 	 1.697100
-214.500000 	 1.600000 	 0.400000 	 1.697100
-215.500000 	 1.600000 	 0.400000 	 1.697100
-216.500000 	 1.600000 	 0.400000 	 1.697100
-217.500000 	 1.600000 	 0.400000 	 1.697100
-218.500000 	 1.600000 	 0.400000 	 1.697100
-219.500000 	 1.600000 	 0.400000 	 1.697100
-220.500000 	 1.600000 	 0.400000 	 1.697100
-221.500000 	 1.600000 	 0.400000 	 1.697100
-222.500000 	 1.600000 	 0.400000 	 1.697100
-223.500000 	 1.600000 	 0.400000 	 1.697100
-224.500000 	 1.600000 	 0.400000 	 1.697100
-225.500000 	 1.600000 	 0.400000 	 1.697100
-226.500000 	 1.600000 	 0.400000 	 1.697100
-227.500000 	 1.600000 	 0.400000 	 1.697100
-228.500000 	 1.600000 	 0.400000 	 1.697100
-229.500000 	 1.600000 	 0.400000 	 1.697100
-230.500000 	 1.600000 	 0.400000 	 1.697100
-231.500000 	 1.600000 	 0.400000 	 1.697100
-232.500000 	 1.600000 	 0.400000 	 1.697100
-233.500000 	 1.600000 	 0.400000 	 1.697100
-234.500000 	 1.600000 	 0.400000 	 1.697100
-235.500000 	 1.600000 	 0.400000 	 1.697100
-236.500000 	 1.600000 	 0.400000 	 1.697100
-237.500000 	 1.600000 	 0.400000 	 1.697100
-238.500000 	 1.600000 	 0.400000 	 1.697100
-239.500000 	 1.600000 	 0.400000 	 1.697100
-240.500000 	 1.600000 	 0.400000 	 1.697100
-241.500000 	 1.600000 	 0.400000 	 1.697100
-242.500000 	 1.600000 	 0.400000 	 1.697100
-243.500000 	 1.600000 	 0.400000 	 1.697100
-244.500000 	 1.600000 	 0.400000 	 1.697100
-245.500000 	 1.600000 	 0.400000 	 1.697100
-246.500000 	 1.600000 	 0.400000 	 1.697100
-247.500000 	 1.600000 	 0.400000 	 1.697100
-248.500000 	 1.600000 	 0.400000 	 1.697100
-249.500000 	 1.600000 	 0.400000 	 1.697100
-250.500000 	 1.600000 	 0.400000 	 1.697100
-251.500000 	 1.600000 	 0.400000 	 1.697100
-252.500000 	 1.600000 	 0.400000 	 1.697100
-253.500000 	 1.600000 	 0.400000 	 1.697100
-254.500000 	 1.600000 	 0.400000 	 1.697100
-255.500000 	 1.600000 	 0.400000 	 1.697100
-256.500000 	 1.600000 	 0.400000 	 1.697100
-257.500000 	 1.600000 	 0.400000 	 1.697100
-258.500000 	 1.600000 	 0.400000 	 1.697100
-259.500000 	 1.600000 	 0.400000 	 1.697100
-260.500000 	 1.600000 	 0.400000 	 1.697100
-261.500000 	 1.600000 	 0.400000 	 1.697100
-262.500000 	 1.600000 	 0.400000 	 1.697100
-263.500000 	 1.600000 	 0.400000 	 1.697100
-264.500000 	 1.600000 	 0.400000 	 1.697100
-265.500000 	 1.600000 	 0.400000 	 1.697100
-266.500000 	 1.600000 	 0.400000 	 1.697100
-267.500000 	 1.600000 	 0.400000 	 1.697100
-268.500000 	 1.600000 	 0.400000 	 1.697100
-269.500000 	 1.600000 	 0.400000 	 1.697100
-270.500000 	 1.600000 	 0.400000 	 1.697100
-271.500000 	 1.600000 	 0.400000 	 1.697100
-272.500000 	 1.600000 	 0.400000 	 1.697100
-273.500000 	 1.600000 	 0.400000 	 1.697100
-274.500000 	 1.600000 	 0.400000 	 1.697100
-275.500000 	 1.600000 	 0.400000 	 1.697100
-276.500000 	 1.600000 	 0.400000 	 1.697100
-277.500000 	 1.600000 	 0.400000 	 1.697100
-278.500000 	 1.600000 	 0.400000 	 1.697100
-279.500000 	 1.600000 	 0.400000 	 1.697100
-280.500000 	 1.600000 	 0.400000 	 1.697100
-281.500000 	 1.600000 	 0.400000 	 1.697100
-282.500000 	 1.600000 	 0.400000 	 1.697100
-283.500000 	 1.600000 	 0.400000 	 1.697100
-284.500000 	 1.600000 	 0.400000 	 1.697100
-285.500000 	 1.600000 	 0.400000 	 1.697100
-286.500000 	 1.600000 	 0.400000 	 1.697100
-287.500000 	 1.600000 	 0.400000 	 1.697100
-288.500000 	 1.600000 	 0.400000 	 1.697100
-289.500000 	 1.600000 	 0.400000 	 1.697100
-290.500000 	 1.600000 	 0.400000 	 1.697100
-291.500000 	 1.600000 	 0.400000 	 1.697100
-292.500000 	 1.600000 	 0.400000 	 1.697100
-293.500000 	 1.600000 	 0.400000 	 1.697100
-294.500000 	 1.600000 	 0.400000 	 1.697100
-295.500000 	 1.600000 	 0.400000 	 1.697100
-296.500000 	 1.600000 	 0.400000 	 1.697100
-297.500000 	 1.600000 	 0.400000 	 1.697100
-298.500000 	 1.600000 	 0.400000 	 1.697100
-299.500000 	 1.600000 	 0.400000 	 1.697100
-300.500000 	 2.000000 	 0.608600 	 1.905000
-301.500000 	 2.000000 	 0.608600 	 1.905000
-302.500000 	 2.000000 	 0.608600 	 1.905000
-303.500000 	 2.000000 	 0.608600 	 1.905000
-304.500000 	 2.000000 	 0.608600 	 1.905000
-305.500000 	 2.000000 	 0.608600 	 1.905000
-306.500000 	 2.000000 	 0.608600 	 1.905000
-307.500000 	 2.000000 	 0.608600 	 1.905000
-308.500000 	 2.000000 	 0.608600 	 1.905000
-309.500000 	 2.000000 	 0.608600 	 1.905000
-310.500000 	 2.000000 	 0.608600 	 1.905000
-311.500000 	 2.000000 	 0.608600 	 1.905000
-312.500000 	 2.000000 	 0.608600 	 1.905000
-313.500000 	 2.000000 	 0.608600 	 1.905000
-314.500000 	 2.000000 	 0.608600 	 1.905000
-315.500000 	 2.000000 	 0.608600 	 1.905000
-316.500000 	 2.000000 	 0.608600 	 1.905000
-317.500000 	 2.000000 	 0.608600 	 1.905000
-318.500000 	 2.000000 	 0.608600 	 1.905000
-319.500000 	 2.000000 	 0.608600 	 1.905000
-320.500000 	 2.000000 	 0.608600 	 1.905000
-321.500000 	 2.000000 	 0.608600 	 1.905000
-322.500000 	 2.000000 	 0.608600 	 1.905000
-323.500000 	 2.000000 	 0.608600 	 1.905000
-324.500000 	 2.000000 	 0.608600 	 1.905000
-325.500000 	 2.000000 	 0.608600 	 1.905000
-326.500000 	 2.000000 	 0.608600 	 1.905000
-327.500000 	 2.000000 	 0.608600 	 1.905000
-328.500000 	 2.000000 	 0.608600 	 1.905000
-329.500000 	 2.000000 	 0.608600 	 1.905000
-330.500000 	 2.000000 	 0.608600 	 1.905000
-331.500000 	 2.000000 	 0.608600 	 1.905000
-332.500000 	 2.000000 	 0.608600 	 1.905000
-333.500000 	 2.000000 	 0.608600 	 1.905000
-334.500000 	 2.000000 	 0.608600 	 1.905000
-335.500000 	 2.000000 	 0.608600 	 1.905000
-336.500000 	 2.000000 	 0.608600 	 1.905000
-337.500000 	 2.000000 	 0.608600 	 1.905000
-338.500000 	 2.000000 	 0.608600 	 1.905000
-339.500000 	 2.000000 	 0.608600 	 1.905000
-340.500000 	 2.000000 	 0.608600 	 1.905000
-341.500000 	 2.000000 	 0.608600 	 1.905000
-342.500000 	 2.000000 	 0.608600 	 1.905000
-343.500000 	 2.000000 	 0.608600 	 1.905000
-344.500000 	 2.000000 	 0.608600 	 1.905000
-345.500000 	 2.000000 	 0.608600 	 1.905000
-346.500000 	 2.000000 	 0.608600 	 1.905000
-347.500000 	 2.000000 	 0.608600 	 1.905000
-348.500000 	 2.000000 	 0.608600 	 1.905000
-349.500000 	 2.000000 	 0.608600 	 1.905000
-350.500000 	 2.000000 	 0.608600 	 1.905000
-351.500000 	 2.000000 	 0.608600 	 1.905000
-352.500000 	 2.000000 	 0.608600 	 1.905000
-353.500000 	 2.000000 	 0.608600 	 1.905000
-354.500000 	 2.000000 	 0.608600 	 1.905000
-355.500000 	 2.000000 	 0.608600 	 1.905000
-356.500000 	 2.000000 	 0.608600 	 1.905000
-357.500000 	 2.000000 	 0.608600 	 1.905000
-358.500000 	 2.000000 	 0.608600 	 1.905000
-359.500000 	 2.000000 	 0.608600 	 1.905000
-360.500000 	 2.000000 	 0.608600 	 1.905000
-361.500000 	 2.000000 	 0.608600 	 1.905000
-362.500000 	 2.000000 	 0.608600 	 1.905000
-363.500000 	 2.000000 	 0.608600 	 1.905000
-364.500000 	 2.000000 	 0.608600 	 1.905000
-365.500000 	 2.000000 	 0.608600 	 1.905000
-366.500000 	 2.000000 	 0.608600 	 1.905000
-367.500000 	 2.000000 	 0.608600 	 1.905000
-368.500000 	 2.000000 	 0.608600 	 1.905000
-369.500000 	 2.000000 	 0.608600 	 1.905000
-370.500000 	 2.000000 	 0.608600 	 1.905000
-371.500000 	 2.000000 	 0.608600 	 1.905000
-372.500000 	 2.000000 	 0.608600 	 1.905000
-373.500000 	 2.000000 	 0.608600 	 1.905000
-374.500000 	 2.000000 	 0.608600 	 1.905000
-375.500000 	 2.000000 	 0.608600 	 1.905000
-376.500000 	 2.000000 	 0.608600 	 1.905000
-377.500000 	 2.000000 	 0.608600 	 1.905000
-378.500000 	 2.000000 	 0.608600 	 1.905000
-379.500000 	 2.000000 	 0.608600 	 1.905000
-380.500000 	 2.000000 	 0.608600 	 1.905000
-381.500000 	 2.000000 	 0.608600 	 1.905000
-382.500000 	 2.000000 	 0.608600 	 1.905000
-383.500000 	 2.000000 	 0.608600 	 1.905000
-384.500000 	 2.000000 	 0.608600 	 1.905000
-385.500000 	 2.000000 	 0.608600 	 1.905000
-386.500000 	 2.000000 	 0.608600 	 1.905000
-387.500000 	 2.000000 	 0.608600 	 1.905000
-388.500000 	 2.000000 	 0.608600 	 1.905000
-389.500000 	 2.000000 	 0.608600 	 1.905000
-390.500000 	 2.000000 	 0.608600 	 1.905000
-391.500000 	 2.000000 	 0.608600 	 1.905000
-392.500000 	 2.000000 	 0.608600 	 1.905000
-393.500000 	 2.000000 	 0.608600 	 1.905000
-394.500000 	 2.000000 	 0.608600 	 1.905000
-395.500000 	 2.000000 	 0.608600 	 1.905000
-396.500000 	 2.000000 	 0.608600 	 1.905000
-397.500000 	 2.000000 	 0.608600 	 1.905000
-398.500000 	 2.000000 	 0.608600 	 1.905000
-399.500000 	 2.000000 	 0.608600 	 1.905000
-400.500000 	 2.000000 	 0.608600 	 1.905000
-401.500000 	 2.000000 	 0.608600 	 1.905000
-402.500000 	 2.000000 	 0.608600 	 1.905000
-403.500000 	 2.000000 	 0.608600 	 1.905000
-404.500000 	 2.000000 	 0.608600 	 1.905000
-405.500000 	 2.000000 	 0.608600 	 1.905000
-406.500000 	 2.000000 	 0.608600 	 1.905000
-407.500000 	 2.000000 	 0.608600 	 1.905000
-408.500000 	 2.000000 	 0.608600 	 1.905000
-409.500000 	 2.000000 	 0.608600 	 1.905000
-410.500000 	 2.000000 	 0.608600 	 1.905000
-411.500000 	 2.000000 	 0.608600 	 1.905000
-412.500000 	 2.000000 	 0.608600 	 1.905000
-413.500000 	 2.000000 	 0.608600 	 1.905000
-414.500000 	 2.000000 	 0.608600 	 1.905000
-415.500000 	 2.000000 	 0.608600 	 1.905000
-416.500000 	 2.000000 	 0.608600 	 1.905000
-417.500000 	 2.000000 	 0.608600 	 1.905000
-418.500000 	 2.000000 	 0.608600 	 1.905000
-419.500000 	 2.000000 	 0.608600 	 1.905000
-420.500000 	 2.000000 	 0.608600 	 1.905000
-421.500000 	 2.000000 	 0.608600 	 1.905000
-422.500000 	 2.000000 	 0.608600 	 1.905000
-423.500000 	 2.000000 	 0.608600 	 1.905000
-424.500000 	 2.000000 	 0.608600 	 1.905000
-425.500000 	 2.000000 	 0.608600 	 1.905000
-426.500000 	 2.000000 	 0.608600 	 1.905000
-427.500000 	 2.000000 	 0.608600 	 1.905000
-428.500000 	 2.000000 	 0.608600 	 1.905000
-429.500000 	 2.000000 	 0.608600 	 1.905000
-430.500000 	 2.000000 	 0.608600 	 1.905000
-431.500000 	 2.000000 	 0.608600 	 1.905000
-432.500000 	 2.000000 	 0.608600 	 1.905000
-433.500000 	 2.000000 	 0.608600 	 1.905000
-434.500000 	 2.000000 	 0.608600 	 1.905000
-435.500000 	 2.000000 	 0.608600 	 1.905000
-436.500000 	 2.000000 	 0.608600 	 1.905000
-437.500000 	 2.000000 	 0.608600 	 1.905000
-438.500000 	 2.000000 	 0.608600 	 1.905000
-439.500000 	 2.000000 	 0.608600 	 1.905000
-440.500000 	 2.000000 	 0.608600 	 1.905000
-441.500000 	 2.000000 	 0.608600 	 1.905000
-442.500000 	 2.000000 	 0.608600 	 1.905000
-443.500000 	 2.000000 	 0.608600 	 1.905000
-444.500000 	 2.000000 	 0.608600 	 1.905000
-445.500000 	 2.000000 	 0.608600 	 1.905000
-446.500000 	 2.000000 	 0.608600 	 1.905000
-447.500000 	 2.000000 	 0.608600 	 1.905000
-448.500000 	 2.000000 	 0.608600 	 1.905000
-449.500000 	 2.000000 	 0.608600 	 1.905000
-450.500000 	 2.000000 	 0.608600 	 1.905000
-451.500000 	 2.000000 	 0.608600 	 1.905000
-452.500000 	 2.000000 	 0.608600 	 1.905000
-453.500000 	 2.000000 	 0.608600 	 1.905000
-454.500000 	 2.000000 	 0.608600 	 1.905000
-455.500000 	 2.000000 	 0.608600 	 1.905000
-456.500000 	 2.000000 	 0.608600 	 1.905000
-457.500000 	 2.000000 	 0.608600 	 1.905000
-458.500000 	 2.000000 	 0.608600 	 1.905000
-459.500000 	 2.000000 	 0.608600 	 1.905000
-460.500000 	 2.000000 	 0.608600 	 1.905000
-461.500000 	 2.000000 	 0.608600 	 1.905000
-462.500000 	 2.000000 	 0.608600 	 1.905000
-463.500000 	 2.000000 	 0.608600 	 1.905000
-464.500000 	 2.000000 	 0.608600 	 1.905000
-465.500000 	 2.000000 	 0.608600 	 1.905000
-466.500000 	 2.000000 	 0.608600 	 1.905000
-467.500000 	 2.000000 	 0.608600 	 1.905000
-468.500000 	 2.000000 	 0.608600 	 1.905000
-469.500000 	 2.000000 	 0.608600 	 1.905000
-470.500000 	 2.000000 	 0.608600 	 1.905000
-471.500000 	 2.000000 	 0.608600 	 1.905000
-472.500000 	 2.000000 	 0.608600 	 1.905000
-473.500000 	 2.000000 	 0.608600 	 1.905000
-474.500000 	 2.000000 	 0.608600 	 1.905000
-475.500000 	 2.000000 	 0.608600 	 1.905000
-476.500000 	 2.000000 	 0.608600 	 1.905000
-477.500000 	 2.000000 	 0.608600 	 1.905000
-478.500000 	 2.000000 	 0.608600 	 1.905000
-479.500000 	 2.000000 	 0.608600 	 1.905000
-480.500000 	 2.000000 	 0.608600 	 1.905000
-481.500000 	 2.000000 	 0.608600 	 1.905000
-482.500000 	 2.000000 	 0.608600 	 1.905000
-483.500000 	 2.000000 	 0.608600 	 1.905000
-484.500000 	 2.000000 	 0.608600 	 1.905000
-485.500000 	 2.000000 	 0.608600 	 1.905000
-486.500000 	 2.000000 	 0.608600 	 1.905000
-487.500000 	 2.000000 	 0.608600 	 1.905000
-488.500000 	 2.000000 	 0.608600 	 1.905000
-489.500000 	 2.000000 	 0.608600 	 1.905000
-490.500000 	 2.000000 	 0.608600 	 1.905000
-491.500000 	 2.000000 	 0.608600 	 1.905000
-492.500000 	 2.000000 	 0.608600 	 1.905000
-493.500000 	 2.000000 	 0.608600 	 1.905000
-494.500000 	 2.000000 	 0.608600 	 1.905000
-495.500000 	 2.000000 	 0.608600 	 1.905000
-496.500000 	 2.000000 	 0.608600 	 1.905000
-497.500000 	 2.000000 	 0.608600 	 1.905000
-498.500000 	 2.000000 	 0.608600 	 1.905000
-499.500000 	 2.000000 	 0.608600 	 1.905000
-500.500000 	 2.000000 	 0.608600 	 1.905000
-501.500000 	 2.000000 	 0.608600 	 1.905000
-502.500000 	 2.000000 	 0.608600 	 1.905000
-503.500000 	 2.000000 	 0.608600 	 1.905000
-504.500000 	 2.000000 	 0.608600 	 1.905000
-505.500000 	 2.000000 	 0.608600 	 1.905000
-506.500000 	 2.000000 	 0.608600 	 1.905000
-507.500000 	 2.000000 	 0.608600 	 1.905000
-508.500000 	 2.000000 	 0.608600 	 1.905000
-509.500000 	 2.000000 	 0.608600 	 1.905000
-510.500000 	 2.000000 	 0.608600 	 1.905000
-511.500000 	 2.000000 	 0.608600 	 1.905000
-512.500000 	 2.000000 	 0.608600 	 1.905000
-513.500000 	 2.000000 	 0.608600 	 1.905000
-514.500000 	 2.000000 	 0.608600 	 1.905000
-515.500000 	 2.000000 	 0.608600 	 1.905000
-516.500000 	 2.000000 	 0.608600 	 1.905000
-517.500000 	 2.000000 	 0.608600 	 1.905000
-518.500000 	 2.000000 	 0.608600 	 1.905000
-519.500000 	 2.000000 	 0.608600 	 1.905000
-520.500000 	 2.000000 	 0.608600 	 1.905000
-521.500000 	 2.000000 	 0.608600 	 1.905000
-522.500000 	 2.000000 	 0.608600 	 1.905000
-523.500000 	 2.000000 	 0.608600 	 1.905000
-524.500000 	 2.000000 	 0.608600 	 1.905000
-525.500000 	 2.000000 	 0.608600 	 1.905000
-526.500000 	 2.000000 	 0.608600 	 1.905000
-527.500000 	 2.000000 	 0.608600 	 1.905000
-528.500000 	 2.000000 	 0.608600 	 1.905000
-529.500000 	 2.000000 	 0.608600 	 1.905000
-530.500000 	 2.000000 	 0.608600 	 1.905000
-531.500000 	 2.000000 	 0.608600 	 1.905000
-532.500000 	 2.000000 	 0.608600 	 1.905000
-533.500000 	 2.000000 	 0.608600 	 1.905000
-534.500000 	 2.000000 	 0.608600 	 1.905000
-535.500000 	 2.000000 	 0.608600 	 1.905000
-536.500000 	 2.000000 	 0.608600 	 1.905000
-537.500000 	 2.000000 	 0.608600 	 1.905000
-538.500000 	 2.000000 	 0.608600 	 1.905000
-539.500000 	 2.000000 	 0.608600 	 1.905000
-540.500000 	 2.000000 	 0.608600 	 1.905000
-541.500000 	 2.000000 	 0.608600 	 1.905000
-542.500000 	 2.000000 	 0.608600 	 1.905000
-543.500000 	 2.000000 	 0.608600 	 1.905000
-544.500000 	 2.000000 	 0.608600 	 1.905000
-545.500000 	 2.000000 	 0.608600 	 1.905000
-546.500000 	 2.000000 	 0.608600 	 1.905000
-547.500000 	 2.000000 	 0.608600 	 1.905000
-548.500000 	 2.000000 	 0.608600 	 1.905000
-549.500000 	 2.000000 	 0.608600 	 1.905000
-550.500000 	 2.500000 	 0.983550 	 2.093100
-551.500000 	 2.500000 	 0.983550 	 2.093100
-552.500000 	 2.500000 	 0.983550 	 2.093100
-553.500000 	 2.500000 	 0.983550 	 2.093100
-554.500000 	 2.500000 	 0.983550 	 2.093100
-555.500000 	 2.500000 	 0.983550 	 2.093100
-556.500000 	 2.500000 	 0.983550 	 2.093100
-557.500000 	 2.500000 	 0.983550 	 2.093100
-558.500000 	 2.500000 	 0.983550 	 2.093100
-559.500000 	 2.500000 	 0.983550 	 2.093100
-560.500000 	 2.500000 	 0.983550 	 2.093100
-561.500000 	 2.500000 	 0.983550 	 2.093100
-562.500000 	 2.500000 	 0.983550 	 2.093100
-563.500000 	 2.500000 	 0.983550 	 2.093100
-564.500000 	 2.500000 	 0.983550 	 2.093100
-565.500000 	 2.500000 	 0.983550 	 2.093100
-566.500000 	 2.500000 	 0.983550 	 2.093100
-567.500000 	 2.500000 	 0.983550 	 2.093100
-568.500000 	 2.500000 	 0.983550 	 2.093100
-569.500000 	 2.500000 	 0.983550 	 2.093100
-570.500000 	 2.500000 	 0.983550 	 2.093100
-571.500000 	 2.500000 	 0.983550 	 2.093100
-572.500000 	 2.500000 	 0.983550 	 2.093100
-573.500000 	 2.500000 	 0.983550 	 2.093100
-574.500000 	 2.500000 	 0.983550 	 2.093100
-575.500000 	 2.500000 	 0.983550 	 2.093100
-576.500000 	 2.500000 	 0.983550 	 2.093100
-577.500000 	 2.500000 	 0.983550 	 2.093100
-578.500000 	 2.500000 	 0.983550 	 2.093100
-579.500000 	 2.500000 	 0.983550 	 2.093100
-580.500000 	 2.500000 	 0.983550 	 2.093100
-581.500000 	 2.500000 	 0.983550 	 2.093100
-582.500000 	 2.500000 	 0.983550 	 2.093100
-583.500000 	 2.500000 	 0.983550 	 2.093100
-584.500000 	 2.500000 	 0.983550 	 2.093100
-585.500000 	 2.500000 	 0.983550 	 2.093100
-586.500000 	 2.500000 	 0.983550 	 2.093100
-587.500000 	 2.500000 	 0.983550 	 2.093100
-588.500000 	 2.500000 	 0.983550 	 2.093100
-589.500000 	 2.500000 	 0.983550 	 2.093100
-590.500000 	 2.500000 	 0.983550 	 2.093100
-591.500000 	 2.500000 	 0.983550 	 2.093100
-592.500000 	 2.500000 	 0.983550 	 2.093100
-593.500000 	 2.500000 	 0.983550 	 2.093100
-594.500000 	 2.500000 	 0.983550 	 2.093100
-595.500000 	 2.500000 	 0.983550 	 2.093100
-596.500000 	 2.500000 	 0.983550 	 2.093100
-597.500000 	 2.500000 	 0.983550 	 2.093100
-598.500000 	 2.500000 	 0.983550 	 2.093100
-599.500000 	 2.500000 	 0.983550 	 2.093100
-600.500000 	 2.500000 	 0.983550 	 2.093100
-601.500000 	 2.500000 	 0.983550 	 2.093100
-602.500000 	 2.500000 	 0.983550 	 2.093100
-603.500000 	 2.500000 	 0.983550 	 2.093100
-604.500000 	 2.500000 	 0.983550 	 2.093100
-605.500000 	 2.500000 	 0.983550 	 2.093100
-606.500000 	 2.500000 	 0.983550 	 2.093100
-607.500000 	 2.500000 	 0.983550 	 2.093100
-608.500000 	 2.500000 	 0.983550 	 2.093100
-609.500000 	 2.500000 	 0.983550 	 2.093100
-610.500000 	 2.500000 	 0.983550 	 2.093100
-611.500000 	 2.500000 	 0.983550 	 2.093100
-612.500000 	 2.500000 	 0.983550 	 2.093100
-613.500000 	 2.500000 	 0.983550 	 2.093100
-614.500000 	 2.500000 	 0.983550 	 2.093100
-615.500000 	 2.500000 	 0.983550 	 2.093100
-616.500000 	 2.500000 	 0.983550 	 2.093100
-617.500000 	 2.500000 	 0.983550 	 2.093100
-618.500000 	 2.500000 	 0.983550 	 2.093100
-619.500000 	 2.500000 	 0.983550 	 2.093100
-620.500000 	 2.500000 	 0.983550 	 2.093100
-621.500000 	 2.500000 	 0.983550 	 2.093100
-622.500000 	 2.500000 	 0.983550 	 2.093100
-623.500000 	 2.500000 	 0.983550 	 2.093100
-624.500000 	 2.500000 	 0.983550 	 2.093100
-625.500000 	 2.500000 	 0.983550 	 2.093100
-626.500000 	 2.500000 	 0.983550 	 2.093100
-627.500000 	 2.500000 	 0.983550 	 2.093100
-628.500000 	 2.500000 	 0.983550 	 2.093100
-629.500000 	 2.500000 	 0.983550 	 2.093100
-630.500000 	 2.500000 	 0.983550 	 2.093100
-631.500000 	 2.500000 	 0.983550 	 2.093100
-632.500000 	 2.500000 	 0.983550 	 2.093100
-633.500000 	 2.500000 	 0.983550 	 2.093100
-634.500000 	 2.500000 	 0.983550 	 2.093100
-635.500000 	 2.500000 	 0.983550 	 2.093100
-636.500000 	 2.500000 	 0.983550 	 2.093100
-637.500000 	 2.500000 	 0.983550 	 2.093100
-638.500000 	 2.500000 	 0.983550 	 2.093100
-639.500000 	 2.500000 	 0.983550 	 2.093100
-640.500000 	 2.500000 	 0.983550 	 2.093100
-641.500000 	 2.500000 	 0.983550 	 2.093100
-642.500000 	 2.500000 	 0.983550 	 2.093100
-643.500000 	 2.500000 	 0.983550 	 2.093100
-644.500000 	 2.500000 	 0.983550 	 2.093100
-645.500000 	 2.500000 	 0.983550 	 2.093100
-646.500000 	 2.500000 	 0.983550 	 2.093100
-647.500000 	 2.500000 	 0.983550 	 2.093100
-648.500000 	 2.500000 	 0.983550 	 2.093100
-649.500000 	 2.500000 	 0.983550 	 2.093100
-650.500000 	 2.500000 	 0.983550 	 2.093100
-651.500000 	 2.500000 	 0.983550 	 2.093100
-652.500000 	 2.500000 	 0.983550 	 2.093100
-653.500000 	 2.500000 	 0.983550 	 2.093100
-654.500000 	 2.500000 	 0.983550 	 2.093100
-655.500000 	 2.500000 	 0.983550 	 2.093100
-656.500000 	 2.500000 	 0.983550 	 2.093100
-657.500000 	 2.500000 	 0.983550 	 2.093100
-658.500000 	 2.500000 	 0.983550 	 2.093100
-659.500000 	 2.500000 	 0.983550 	 2.093100
-660.500000 	 2.500000 	 0.983550 	 2.093100
-661.500000 	 2.500000 	 0.983550 	 2.093100
-662.500000 	 2.500000 	 0.983550 	 2.093100
-663.500000 	 2.500000 	 0.983550 	 2.093100
-664.500000 	 2.500000 	 0.983550 	 2.093100
-665.500000 	 2.500000 	 0.983550 	 2.093100
-666.500000 	 2.500000 	 0.983550 	 2.093100
-667.500000 	 2.500000 	 0.983550 	 2.093100
-668.500000 	 2.500000 	 0.983550 	 2.093100
-669.500000 	 2.500000 	 0.983550 	 2.093100
-670.500000 	 2.500000 	 0.983550 	 2.093100
-671.500000 	 2.500000 	 0.983550 	 2.093100
-672.500000 	 2.500000 	 0.983550 	 2.093100
-673.500000 	 2.500000 	 0.983550 	 2.093100
-674.500000 	 2.500000 	 0.983550 	 2.093100
-675.500000 	 2.500000 	 0.983550 	 2.093100
-676.500000 	 2.500000 	 0.983550 	 2.093100
-677.500000 	 2.500000 	 0.983550 	 2.093100
-678.500000 	 2.500000 	 0.983550 	 2.093100
-679.500000 	 2.500000 	 0.983550 	 2.093100
-680.500000 	 2.500000 	 0.983550 	 2.093100
-681.500000 	 2.500000 	 0.983550 	 2.093100
-682.500000 	 2.500000 	 0.983550 	 2.093100
-683.500000 	 2.500000 	 0.983550 	 2.093100
-684.500000 	 2.500000 	 0.983550 	 2.093100
-685.500000 	 2.500000 	 0.983550 	 2.093100
-686.500000 	 2.500000 	 0.983550 	 2.093100
-687.500000 	 2.500000 	 0.983550 	 2.093100
-688.500000 	 2.500000 	 0.983550 	 2.093100
-689.500000 	 2.500000 	 0.983550 	 2.093100
-690.500000 	 2.500000 	 0.983550 	 2.093100
-691.500000 	 2.500000 	 0.983550 	 2.093100
-692.500000 	 2.500000 	 0.983550 	 2.093100
-693.500000 	 2.500000 	 0.983550 	 2.093100
-694.500000 	 2.500000 	 0.983550 	 2.093100
-695.500000 	 2.500000 	 0.983550 	 2.093100
-696.500000 	 2.500000 	 0.983550 	 2.093100
-697.500000 	 2.500000 	 0.983550 	 2.093100
-698.500000 	 2.500000 	 0.983550 	 2.093100
-699.500000 	 2.500000 	 0.983550 	 2.093100
-700.500000 	 2.500000 	 0.983550 	 2.093100
-701.500000 	 2.500000 	 0.983550 	 2.093100
-702.500000 	 2.500000 	 0.983550 	 2.093100
-703.500000 	 2.500000 	 0.983550 	 2.093100
-704.500000 	 2.500000 	 0.983550 	 2.093100
-705.500000 	 2.500000 	 0.983550 	 2.093100
-706.500000 	 2.500000 	 0.983550 	 2.093100
-707.500000 	 2.500000 	 0.983550 	 2.093100
-708.500000 	 2.500000 	 0.983550 	 2.093100
-709.500000 	 2.500000 	 0.983550 	 2.093100
-710.500000 	 2.500000 	 0.983550 	 2.093100
-711.500000 	 2.500000 	 0.983550 	 2.093100
-712.500000 	 2.500000 	 0.983550 	 2.093100
-713.500000 	 2.500000 	 0.983550 	 2.093100
-714.500000 	 2.500000 	 0.983550 	 2.093100
-715.500000 	 2.500000 	 0.983550 	 2.093100
-716.500000 	 2.500000 	 0.983550 	 2.093100
-717.500000 	 2.500000 	 0.983550 	 2.093100
-718.500000 	 2.500000 	 0.983550 	 2.093100
-719.500000 	 2.500000 	 0.983550 	 2.093100
-720.500000 	 2.500000 	 0.983550 	 2.093100
-721.500000 	 2.500000 	 0.983550 	 2.093100
-722.500000 	 2.500000 	 0.983550 	 2.093100
-723.500000 	 2.500000 	 0.983550 	 2.093100
-724.500000 	 2.500000 	 0.983550 	 2.093100
-725.500000 	 2.500000 	 0.983550 	 2.093100
-726.500000 	 2.500000 	 0.983550 	 2.093100
-727.500000 	 2.500000 	 0.983550 	 2.093100
-728.500000 	 2.500000 	 0.983550 	 2.093100
-729.500000 	 2.500000 	 0.983550 	 2.093100
-730.500000 	 2.500000 	 0.983550 	 2.093100
-731.500000 	 2.500000 	 0.983550 	 2.093100
-732.500000 	 2.500000 	 0.983550 	 2.093100
-733.500000 	 2.500000 	 0.983550 	 2.093100
-734.500000 	 2.500000 	 0.983550 	 2.093100
-735.500000 	 2.500000 	 0.983550 	 2.093100
-736.500000 	 2.500000 	 0.983550 	 2.093100
-737.500000 	 2.500000 	 0.983550 	 2.093100
-738.500000 	 2.500000 	 0.983550 	 2.093100
-739.500000 	 2.500000 	 0.983550 	 2.093100
-740.500000 	 2.500000 	 0.983550 	 2.093100
-741.500000 	 2.500000 	 0.983550 	 2.093100
-742.500000 	 2.500000 	 0.983550 	 2.093100
-743.500000 	 2.500000 	 0.983550 	 2.093100
-744.500000 	 2.500000 	 0.983550 	 2.093100
-745.500000 	 2.500000 	 0.983550 	 2.093100
-746.500000 	 2.500000 	 0.983550 	 2.093100
-747.500000 	 2.500000 	 0.983550 	 2.093100
-748.500000 	 2.500000 	 0.983550 	 2.093100
-749.500000 	 2.500000 	 0.983550 	 2.093100
-750.500000 	 2.500000 	 0.983550 	 2.093100
-751.500000 	 2.500000 	 0.983550 	 2.093100
-752.500000 	 2.500000 	 0.983550 	 2.093100
-753.500000 	 2.500000 	 0.983550 	 2.093100
-754.500000 	 2.500000 	 0.983550 	 2.093100
-755.500000 	 2.500000 	 0.983550 	 2.093100
-756.500000 	 2.500000 	 0.983550 	 2.093100
-757.500000 	 2.500000 	 0.983550 	 2.093100
-758.500000 	 2.500000 	 0.983550 	 2.093100
-759.500000 	 2.500000 	 0.983550 	 2.093100
-760.500000 	 2.500000 	 0.983550 	 2.093100
-761.500000 	 2.500000 	 0.983550 	 2.093100
-762.500000 	 2.500000 	 0.983550 	 2.093100
-763.500000 	 2.500000 	 0.983550 	 2.093100
-764.500000 	 2.500000 	 0.983550 	 2.093100
-765.500000 	 2.500000 	 0.983550 	 2.093100
-766.500000 	 2.500000 	 0.983550 	 2.093100
-767.500000 	 2.500000 	 0.983550 	 2.093100
-768.500000 	 2.500000 	 0.983550 	 2.093100
-769.500000 	 2.500000 	 0.983550 	 2.093100
-770.500000 	 2.500000 	 0.983550 	 2.093100
-771.500000 	 2.500000 	 0.983550 	 2.093100
-772.500000 	 2.500000 	 0.983550 	 2.093100
-773.500000 	 2.500000 	 0.983550 	 2.093100
-774.500000 	 2.500000 	 0.983550 	 2.093100
-775.500000 	 2.500000 	 0.983550 	 2.093100
-776.500000 	 2.500000 	 0.983550 	 2.093100
-777.500000 	 2.500000 	 0.983550 	 2.093100
-778.500000 	 2.500000 	 0.983550 	 2.093100
-779.500000 	 2.500000 	 0.983550 	 2.093100
-780.500000 	 2.500000 	 0.983550 	 2.093100
-781.500000 	 2.500000 	 0.983550 	 2.093100
-782.500000 	 2.500000 	 0.983550 	 2.093100
-783.500000 	 2.500000 	 0.983550 	 2.093100
-784.500000 	 2.500000 	 0.983550 	 2.093100
-785.500000 	 2.500000 	 0.983550 	 2.093100
-786.500000 	 2.500000 	 0.983550 	 2.093100
-787.500000 	 2.500000 	 0.983550 	 2.093100
-788.500000 	 2.500000 	 0.983550 	 2.093100
-789.500000 	 2.500000 	 0.983550 	 2.093100
-790.500000 	 2.500000 	 0.983550 	 2.093100
-791.500000 	 2.500000 	 0.983550 	 2.093100
-792.500000 	 2.500000 	 0.983550 	 2.093100
-793.500000 	 2.500000 	 0.983550 	 2.093100
-794.500000 	 2.500000 	 0.983550 	 2.093100
-795.500000 	 2.500000 	 0.983550 	 2.093100
-796.500000 	 2.500000 	 0.983550 	 2.093100
-797.500000 	 2.500000 	 0.983550 	 2.093100
-798.500000 	 2.500000 	 0.983550 	 2.093100
-799.500000 	 2.500000 	 0.983550 	 2.093100
-800.500000 	 2.500000 	 0.983550 	 2.093100
-801.500000 	 2.500000 	 0.983550 	 2.093100
-802.500000 	 2.500000 	 0.983550 	 2.093100
-803.500000 	 2.500000 	 0.983550 	 2.093100
-804.500000 	 2.500000 	 0.983550 	 2.093100
-805.500000 	 2.500000 	 0.983550 	 2.093100
-806.500000 	 2.500000 	 0.983550 	 2.093100
-807.500000 	 2.500000 	 0.983550 	 2.093100
-808.500000 	 2.500000 	 0.983550 	 2.093100
-809.500000 	 2.500000 	 0.983550 	 2.093100
-810.500000 	 2.500000 	 0.983550 	 2.093100
-811.500000 	 2.500000 	 0.983550 	 2.093100
-812.500000 	 2.500000 	 0.983550 	 2.093100
-813.500000 	 2.500000 	 0.983550 	 2.093100
-814.500000 	 2.500000 	 0.983550 	 2.093100
-815.500000 	 2.500000 	 0.983550 	 2.093100
-816.500000 	 2.500000 	 0.983550 	 2.093100
-817.500000 	 2.500000 	 0.983550 	 2.093100
-818.500000 	 2.500000 	 0.983550 	 2.093100
-819.500000 	 2.500000 	 0.983550 	 2.093100
-820.500000 	 2.500000 	 0.983550 	 2.093100
-821.500000 	 2.500000 	 0.983550 	 2.093100
-822.500000 	 2.500000 	 0.983550 	 2.093100
-823.500000 	 2.500000 	 0.983550 	 2.093100
-824.500000 	 2.500000 	 0.983550 	 2.093100
-825.500000 	 2.500000 	 0.983550 	 2.093100
-826.500000 	 2.500000 	 0.983550 	 2.093100
-827.500000 	 2.500000 	 0.983550 	 2.093100
-828.500000 	 2.500000 	 0.983550 	 2.093100
-829.500000 	 2.500000 	 0.983550 	 2.093100
-830.500000 	 2.500000 	 0.983550 	 2.093100
-831.500000 	 2.500000 	 0.983550 	 2.093100
-832.500000 	 2.500000 	 0.983550 	 2.093100
-833.500000 	 2.500000 	 0.983550 	 2.093100
-834.500000 	 2.500000 	 0.983550 	 2.093100
-835.500000 	 2.500000 	 0.983550 	 2.093100
-836.500000 	 2.500000 	 0.983550 	 2.093100
-837.500000 	 2.500000 	 0.983550 	 2.093100
-838.500000 	 2.500000 	 0.983550 	 2.093100
-839.500000 	 2.500000 	 0.983550 	 2.093100
-840.500000 	 2.500000 	 0.983550 	 2.093100
-841.500000 	 2.500000 	 0.983550 	 2.093100
-842.500000 	 2.500000 	 0.983550 	 2.093100
-843.500000 	 2.500000 	 0.983550 	 2.093100
-844.500000 	 2.500000 	 0.983550 	 2.093100
-845.500000 	 2.500000 	 0.983550 	 2.093100
-846.500000 	 2.500000 	 0.983550 	 2.093100
-847.500000 	 2.500000 	 0.983550 	 2.093100
-848.500000 	 2.500000 	 0.983550 	 2.093100
-849.500000 	 2.500000 	 0.983550 	 2.093100
-850.500000 	 2.500000 	 0.983550 	 2.093100
-851.500000 	 2.500000 	 0.983550 	 2.093100
-852.500000 	 2.500000 	 0.983550 	 2.093100
-853.500000 	 2.500000 	 0.983550 	 2.093100
-854.500000 	 2.500000 	 0.983550 	 2.093100
-855.500000 	 2.500000 	 0.983550 	 2.093100
-856.500000 	 2.500000 	 0.983550 	 2.093100
-857.500000 	 2.500000 	 0.983550 	 2.093100
-858.500000 	 2.500000 	 0.983550 	 2.093100
-859.500000 	 2.500000 	 0.983550 	 2.093100
-860.500000 	 2.500000 	 0.983550 	 2.093100
-861.500000 	 2.500000 	 0.983550 	 2.093100
-862.500000 	 2.500000 	 0.983550 	 2.093100
-863.500000 	 2.500000 	 0.983550 	 2.093100
-864.500000 	 2.500000 	 0.983550 	 2.093100
-865.500000 	 2.500000 	 0.983550 	 2.093100
-866.500000 	 2.500000 	 0.983550 	 2.093100
-867.500000 	 2.500000 	 0.983550 	 2.093100
-868.500000 	 2.500000 	 0.983550 	 2.093100
-869.500000 	 2.500000 	 0.983550 	 2.093100
-870.500000 	 2.500000 	 0.983550 	 2.093100
-871.500000 	 2.500000 	 0.983550 	 2.093100
-872.500000 	 2.500000 	 0.983550 	 2.093100
-873.500000 	 2.500000 	 0.983550 	 2.093100
-874.500000 	 2.500000 	 0.983550 	 2.093100
-875.500000 	 2.500000 	 0.983550 	 2.093100
-876.500000 	 2.500000 	 0.983550 	 2.093100
-877.500000 	 2.500000 	 0.983550 	 2.093100
-878.500000 	 2.500000 	 0.983550 	 2.093100
-879.500000 	 2.500000 	 0.983550 	 2.093100
-880.500000 	 2.500000 	 0.983550 	 2.093100
-881.500000 	 2.500000 	 0.983550 	 2.093100
-882.500000 	 2.500000 	 0.983550 	 2.093100
-883.500000 	 2.500000 	 0.983550 	 2.093100
-884.500000 	 2.500000 	 0.983550 	 2.093100
-885.500000 	 2.500000 	 0.983550 	 2.093100
-886.500000 	 2.500000 	 0.983550 	 2.093100
-887.500000 	 2.500000 	 0.983550 	 2.093100
-888.500000 	 2.500000 	 0.983550 	 2.093100
-889.500000 	 2.500000 	 0.983550 	 2.093100
-890.500000 	 2.500000 	 0.983550 	 2.093100
-891.500000 	 2.500000 	 0.983550 	 2.093100
-892.500000 	 2.500000 	 0.983550 	 2.093100
-893.500000 	 2.500000 	 0.983550 	 2.093100
-894.500000 	 2.500000 	 0.983550 	 2.093100
-895.500000 	 2.500000 	 0.983550 	 2.093100
-896.500000 	 2.500000 	 0.983550 	 2.093100
-897.500000 	 2.500000 	 0.983550 	 2.093100
-898.500000 	 2.500000 	 0.983550 	 2.093100
-899.500000 	 2.500000 	 0.983550 	 2.093100
-900.500000 	 2.700000 	 1.151100 	 2.151000
-901.500000 	 2.700000 	 1.151100 	 2.151000
-902.500000 	 2.700000 	 1.151100 	 2.151000
-903.500000 	 2.700000 	 1.151100 	 2.151000
-904.500000 	 2.700000 	 1.151100 	 2.151000
-905.500000 	 2.700000 	 1.151100 	 2.151000
-906.500000 	 2.700000 	 1.151100 	 2.151000
-907.500000 	 2.700000 	 1.151100 	 2.151000
-908.500000 	 2.700000 	 1.151100 	 2.151000
-909.500000 	 2.700000 	 1.151100 	 2.151000
-910.500000 	 2.700000 	 1.151100 	 2.151000
-911.500000 	 2.700000 	 1.151100 	 2.151000
-912.500000 	 2.700000 	 1.151100 	 2.151000
-913.500000 	 2.700000 	 1.151100 	 2.151000
-914.500000 	 2.700000 	 1.151100 	 2.151000
-915.500000 	 2.700000 	 1.151100 	 2.151000
-916.500000 	 2.700000 	 1.151100 	 2.151000
-917.500000 	 2.700000 	 1.151100 	 2.151000
-918.500000 	 2.700000 	 1.151100 	 2.151000
-919.500000 	 2.700000 	 1.151100 	 2.151000
-920.500000 	 2.700000 	 1.151100 	 2.151000
-921.500000 	 2.700000 	 1.151100 	 2.151000
-922.500000 	 2.700000 	 1.151100 	 2.151000
-923.500000 	 2.700000 	 1.151100 	 2.151000
-924.500000 	 2.700000 	 1.151100 	 2.151000
-925.500000 	 2.700000 	 1.151100 	 2.151000
-926.500000 	 2.700000 	 1.151100 	 2.151000
-927.500000 	 2.700000 	 1.151100 	 2.151000
-928.500000 	 2.700000 	 1.151100 	 2.151000
-929.500000 	 2.700000 	 1.151100 	 2.151000
-930.500000 	 2.700000 	 1.151100 	 2.151000
-931.500000 	 2.700000 	 1.151100 	 2.151000
-932.500000 	 2.700000 	 1.151100 	 2.151000
-933.500000 	 2.700000 	 1.151100 	 2.151000
-934.500000 	 2.700000 	 1.151100 	 2.151000
-935.500000 	 2.700000 	 1.151100 	 2.151000
-936.500000 	 2.700000 	 1.151100 	 2.151000
-937.500000 	 2.700000 	 1.151100 	 2.151000
-938.500000 	 2.700000 	 1.151100 	 2.151000
-939.500000 	 2.700000 	 1.151100 	 2.151000
-940.500000 	 2.700000 	 1.151100 	 2.151000
-941.500000 	 2.700000 	 1.151100 	 2.151000
-942.500000 	 2.700000 	 1.151100 	 2.151000
-943.500000 	 2.700000 	 1.151100 	 2.151000
-944.500000 	 2.700000 	 1.151100 	 2.151000
-945.500000 	 2.700000 	 1.151100 	 2.151000
-946.500000 	 2.700000 	 1.151100 	 2.151000
-947.500000 	 2.700000 	 1.151100 	 2.151000
-948.500000 	 2.700000 	 1.151100 	 2.151000
-949.500000 	 2.700000 	 1.151100 	 2.151000
-950.500000 	 2.700000 	 1.151100 	 2.151000
-951.500000 	 2.700000 	 1.151100 	 2.151000
-952.500000 	 2.700000 	 1.151100 	 2.151000
-953.500000 	 2.700000 	 1.151100 	 2.151000
-954.500000 	 2.700000 	 1.151100 	 2.151000
-955.500000 	 2.700000 	 1.151100 	 2.151000
-956.500000 	 2.700000 	 1.151100 	 2.151000
-957.500000 	 2.700000 	 1.151100 	 2.151000
-958.500000 	 2.700000 	 1.151100 	 2.151000
-959.500000 	 2.700000 	 1.151100 	 2.151000
-960.500000 	 2.700000 	 1.151100 	 2.151000
-961.500000 	 2.700000 	 1.151100 	 2.151000
-962.500000 	 2.700000 	 1.151100 	 2.151000
-963.500000 	 2.700000 	 1.151100 	 2.151000
-964.500000 	 2.700000 	 1.151100 	 2.151000
-965.500000 	 2.700000 	 1.151100 	 2.151000
-966.500000 	 2.700000 	 1.151100 	 2.151000
-967.500000 	 2.700000 	 1.151100 	 2.151000
-968.500000 	 2.700000 	 1.151100 	 2.151000
-969.500000 	 2.700000 	 1.151100 	 2.151000
-970.500000 	 2.700000 	 1.151100 	 2.151000
-971.500000 	 2.700000 	 1.151100 	 2.151000
-972.500000 	 2.700000 	 1.151100 	 2.151000
-973.500000 	 2.700000 	 1.151100 	 2.151000
-974.500000 	 2.700000 	 1.151100 	 2.151000
-975.500000 	 2.700000 	 1.151100 	 2.151000
-976.500000 	 2.700000 	 1.151100 	 2.151000
-977.500000 	 2.700000 	 1.151100 	 2.151000
-978.500000 	 2.700000 	 1.151100 	 2.151000
-979.500000 	 2.700000 	 1.151100 	 2.151000
-980.500000 	 2.700000 	 1.151100 	 2.151000
-981.500000 	 2.700000 	 1.151100 	 2.151000
-982.500000 	 2.700000 	 1.151100 	 2.151000
-983.500000 	 2.700000 	 1.151100 	 2.151000
-984.500000 	 2.700000 	 1.151100 	 2.151000
-985.500000 	 2.700000 	 1.151100 	 2.151000
-986.500000 	 2.700000 	 1.151100 	 2.151000
-987.500000 	 2.700000 	 1.151100 	 2.151000
-988.500000 	 2.700000 	 1.151100 	 2.151000
-989.500000 	 2.700000 	 1.151100 	 2.151000
-990.500000 	 2.700000 	 1.151100 	 2.151000
-991.500000 	 2.700000 	 1.151100 	 2.151000
-992.500000 	 2.700000 	 1.151100 	 2.151000
-993.500000 	 2.700000 	 1.151100 	 2.151000
-994.500000 	 2.700000 	 1.151100 	 2.151000
-995.500000 	 2.700000 	 1.151100 	 2.151000
-996.500000 	 2.700000 	 1.151100 	 2.151000
-997.500000 	 2.700000 	 1.151100 	 2.151000
-998.500000 	 2.700000 	 1.151100 	 2.151000
-999.500000 	 2.700000 	 1.151100 	 2.151000
-1000.500000 	 2.700000 	 1.151100 	 2.151000
