Properties at Lat: -43.500000 Lon: 172.500000
Depth 	 Vp 	 Vs 	 Rho
99.500000 	 1.800000 	 0.500000 	 1.700000
98.500000 	 1.800000 	 0.500000 	 1.700000
97.500000 	 1.800000 	 0.500000 	 1.700000
96.500000 	 1.800000 	 0.500000 	 1.700000
95.500000 	 1.800000 	 0.500000 	 1.700000
94.500000 	 1.800000 	 0.500000 	 1.700000
93.500000 	 1.800000 	 0.500000 	 1.700000
92.500000 	 1.800000 	 0.500000 	 1.700000
91.500000 	 1.800000 	 0.500000 	 1.700000
90.500000 	 1.800000 	 0.500000 	 1.700000
89.500000 	 1.800000 	 0.500000 	 1.700000
88.500000 	 1.800000 	 0.500000 	 1.700000
87.500000 	 1.800000 	 0.500000 	 1.700000
86.500000 	 1.800000 	 0.500000 	 1.700000
85.500000 	 1.800000 	 0.500000 	 1.700000
84.500000 	 1.800000 	 0.500000 	 1.700000
83.500000 	 1.800000 	 0.500000 	 1.700000
82.500000 	 1.800000 	 0.500000 	 1.700000
81.500000 	 1.800000 	 0.500000 	 1.700000
80.500000 	 1.800000 	 0.500000 	 1.700000
79.500000 	 1.800000 	 0.500000 	 1.700000
78.500000 	 1.800000 	 0.500000 	 1.700000
77.500000 	 1.800000 	 0.500000 	 1.700000
76.500000 	 1.800000 	 0.500000 	 1.700000
75.500000 	 1.800000 	 0.500000 	 1.700000
74.500000 	 1.800000 	 0.500000 	 1.700000
73.500000 	 1.800000 	 0.500000 	 1.700000
72.500000 	 1.800000 	 0.500000 	 1.700000
71.500000 	 1.800000 	 0.500000 	 1.700000
70.500000 	 1.800000 	 0.500000 	 1.700000
69.500000 	 1.800000 	 0.500000 	 1.700000
68.500000 	 1.800000 	 0.500000 	 1.700000
67.500000 	 1.800000 	 0.500000 	 1.700000
66.500000 	 1.800000 	 0.500000 	 1.700000
65.500000 	 1.800000 	 0.500000 	 1.700000
64.500000 	 1.800000 	 0.500000 	 1.700000
63.500000 	 1.800000 	 0.500000 	 1.700000
62.500000 	 1.800000 	 0.500000 	 1.700000
61.500000 	 1.800000 	 0.500000 	 1.700000
60.500000 	 1.800000 	 0.500000 	 1.700000
59.500000 	 1.800000 	 0.500000 	 1.700000
58.500000 	 1.800000 	 0.500000 	 1.700000
57.500000 	 1.800000 	 0.500000 	 1.700000
56.500000 	 1.800000 	 0.500000 	 1.700000
55.500000 	 1.800000 	 0.500000 	 1.700000
54.500000 	 1.800000 	 0.500000 	 1.700000
53.500000 	 1.800000 	 0.500000 	 1.700000
52.500000 	 1.800000 	 0.500000 	 1.700000
51.500000 	 1.800000 	 0.500000 	 1.700000
50.500000 	 1.800000 	 0.500000 	 1.700000
49.500000 	 1.800000 	 0.500000 	 1.700000
48.500000 	 1.800000 	 0.500000 	 1.700000
47.500000 	 1.800000 	 0.500000 	 1.700000
46.500000 	 1.800000 	 0.500000 	 1.700000
45.500000 	 1.800000 	 0.500000 	 1.700000
44.500000 	 1.800000 	 0.500000 	 1.700000
43.500000 	 1.800000 	 0.500000 	 1.700000
42.500000 	 1.800000 	 0.500000 	 1.700000
41.500000 	 1.800000 	 0.500000 	 1.700000
40.500000 	 1.800000 	 0.500000 	 1.700000
39.500000 	 1.800000 	 0.500000 	 1.700000
38.500000 	 1.800000 	 0.500000 	 1.700000
37.500000 	 1.800000 	 0.500000 	 1.700000
36.500000 	 1.800000 	 0.500000 	 1.700000
35.500000 	 1.800000 	 0.500000 	 1.700000
34.500000 	 1.800000 	 0.500000 	 1.700000
33.500000 	 1.800000 	 0.500000 	 1.700000
32.500000 	 1.800000 	 0.500000 	 1.700000
31.500000 	 1.800000 	 0.500000 	 1.700000
30.500000 	 1.800000 	 0.500000 	 1.700000
29.500000 	 1.800000 	 0.500000 	 1.700000
28.500000 	 1.800000 	 0.500000 	 1.700000
27.500000 	 1.800000 	 0.500000 	 1.700000
26.500000 	 1.800000 	 0.500000 	 1.700000
25.500000 	 1.800000 	 0.500000 	 1.700000
24.500000 	 1.800000 	 0.500000 	 1.700000
23.500000 	 1.800000 	 0.500000 	 1.700000
22.500000 	 1.800000 	 0.500000 	 1.700000
21.500000 	 1.800000 	 0.500000 	 1.700000
20.500000 	 1.800000 	 0.500000 	 1.700000
19.500000 	 1.800000 	 0.500000 	 1.700000
18.500000 	 1.800000 	 0.500000 	 1.700000
17.500000 	 1.800000 	 0.500000 	 1.700000
16.500000 	 1.800000 	 0.500000 	 1.700000
15.500000 	 1.800000 	 0.500000 	 1.700000
14.500000 	 1.800000 	 0.500000 	 1.700000
13.500000 	 1.800000 	 0.500000 	 1.700000
12.500000 	 1.800000 	 0.500000 	 1.700000
11.500000 	 1.800000 	 0.500000 	 1.700000
10.500000 	 1.800000 	 0.500000 	 1.700000
9.500000 	 1.800000 	 0.500000 	 1.700000
8.500000 	 1.800000 	 0.500000 	 1.700000
7.500000 	 1.800000 	 0.500000 	 1.700000
6.500000 	 1.800000 	 0.500000 	 1.700000
5.500000 	 1.800000 	 0.500000 	 1.700000
4.500000 	 1.800000 	 0.500000 	 1.700000
3.500000 	 1.800000 	 0.500000 	 1.700000
2.500000 	 1.800000 	 0.500000 	 1.700000
1.500000 	 1.800000 	 0.500000 	 1.700000
0.500000 	 1.800000 	 0.500000 	 1.700000
-0.500000 	 1.800000 	 0.500000 	 1.700000
-1.500000 	 1.800000 	 0.500000 	 1.700000
-2.500000 	 1.800000 	 0.500000 	 1.700000
-3.500000 	 1.800000 	 0.500000 	 1.700000
-4.500000 	 1.800000 	 0.500000 	 1.700000
-5.500000 	 1.800000 	 0.500000 	 1.700000
-6.500000 	 1.800000 	 0.500000 	 1.700000
-7.500000 	 1.800000 	 0.500000 	 1.700000
-8.500000 	 1.800000 	 0.500000 	 1.700000
-9.500000 	 1.800000 	 0.500000 	 1.700000
-10.500000 	 1.800000 	 0.500000 	 1.700000
-11.500000 	 1.800000 	 0.500000 	 1.700000
-12.500000 	 1.800000 	 0.500000 	 1.700000
-13.500000 	 1.800000 	 0.500000 	 1.700000
-14.500000 	 1.800000 	 0.500000 	 1.700000
-15.500000 	 1.800000 	 0.500000 	 1.700000
-16.500000 	 1.800000 	 0.500000 	 1.700000
-17.500000 	 1.800000 	 0.500000 	 1.700000
-18.500000 	 1.800000 	 0.500000 	 1.700000
-19.500000 	 1.800000 	 0.500000 	 1.700000
-20.500000 	 1.800000 	 0.500000 	 1.700000
-21.500000 	 1.800000 	 0.500000 	 1.700000
-22.500000 	 1.800000 	 0.500000 	 1.700000
-23.500000 	 1.800000 	 0.500000 	 1.700000
-24.500000 	 1.800000 	 0.500000 	 1.700000
-25.500000 	 1.800000 	 0.500000 	 1.700000
-26.500000 	 1.800000 	 0.500000 	 1.700000
-27.500000 	 1.800000 	 0.500000 	 1.700000
-28.500000 	 1.800000 	 0.500000 	 1.700000
-29.500000 	 1.800000 	 0.500000 	 1.700000
-30.500000 	 1.800000 	 0.500000 	 1.700000
-31.500000 	 1.800000 	 0.500000 	 1.700000
-32.500000 	 1.800000 	 0.500000 	 1.700000
-33.500000 	 1.800000 	 0.500000 	 1.700000
-34.500000 	 1.800000 	 0.500000 	 1.700000
-35.500000 	 1.800000 	 0.500000 	 1.700000
-36.500000 	 1.800000 	 0.500000 	 1.700000
-37.500000 	 1.800000 	 0.500000 	 1.700000
-38.500000 	 1.800000 	 0.500000 	 1.700000
-39.500000 	 1.800000 	 0.500000 	 1.700000
-40.500000 	 1.800000 	 0.500000 	 1.700000
-41.500000 	 1.800000 	 0.500000 	 1.700000
-42.500000 	 1.800000 	 0.500000 	 1.700000
-43.500000 	 1.800000 	 0.500000 	 1.700000
-44.500000 	 1.800000 	 0.500000 	 1.700000
-45.500000 	 1.800000 	 0.500000 	 1.700000
-46.500000 	 1.800000 	 0.500000 	 1.700000
-47.500000 	 1.800000 	 0.500000 	 1.700000
-48.500000 	 1.800000 	 0.500000 	 1.700000
-49.500000 	 1.800000 	 0.500000 	 1.700000
-50.500000 	 1.800000 	 0.500000 	 1.700000
-51.500000 	 1.800000 	 0.500000 	 1.700000
-52.500000 	 1.800000 	 0.500000 	 1.700000
-53.500000 	 1.800000 	 0.500000 	 1.700000
-54.500000 	 1.800000 	 0.500000 	 1.700000
-55.500000 	 1.800000 	 0.500000 	 1.700000
-56.500000 	 1.800000 	 0.500000 	 1.700000
-57.500000 	 1.800000 	 0.500000 	 1.700000
-58.500000 	 1.800000 	 0.500000 	 1.700000
-59.500000 	 1.800000 	 0.500000 	 1.700000
-60.500000 	 1.800000 	 0.500000 	 1.700000
-61.500000 	 1.800000 	 0.500000 	 1.700000
-62.500000 	 1.800000 	 0.500000 	 1.700000
-63.500000 	 1.800000 	 0.500000 	 1.700000
-64.500000 	 1.800000 	 0.500000 	 1.700000
-65.500000 	 1.800000 	 0.500000 	 1.700000
-66.500000 	 1.800000 	 0.500000 	 1.700000
-67.500000 	 1.800000 	 0.500000 	 1.700000
-68.500000 	 1.800000 	 0.500000 	 1.700000
-69.500000 	 1.800000 	 0.500000 	 1.700000
-70.500000 	 1.800000 	 0.500000 	 1.700000
-71.500000 	 1.800000 	 0.500000 	 1.700000
-72.500000 	 1.800000 	 0.500000 	 1.700000
-73.500000 	 1.800000 	 0.500000 	 1.700000
-74.500000 	 1.800000 	 0.500000 	 1.700000
-75.500000 	 1.800000 	 0.500000 	 1.700000
-76.500000 	 1.800000 	 0.500000 	 1.700000
-77.500000 	 1.800000 	 0.500000 	 1.700000
-78.500000 	 1.800000 	 0.500000 	 1.700000
-79.500000 	 1.800000 	 0.500000 	 1.700000
-80.500000 	 1.800000 	 0.500000 	 1.700000
-81.500000 	 1.800000 	 0.500000 	 1.700000
-82.500000 	 1.800000 	 0.500000 	 1.700000
-83.500000 	 1.800000 	 0.500000 	 1.700000
-84.500000 	 1.800000 	 0.500000 	 1.700000
-85.500000 	 1.800000 	 0.500000 	 1.700000
-86.500000 	 1.800000 	 0.500000 	 1.700000
-87.500000 	 1.800000 	 0.500000 	 1.700000
-88.500000 	 1.800000 	 0.500000 	 1.700000
-89.500000 	 1.800000 	 0.500000 	 1.700000
-90.500000 	 1.800000 	 0.500000 	 1.700000
-91.500000 	 1.800000 	 0.500000 	 1.700000
-92.500000 	 1.800000 	 0.500000 	 1.700000
-93.500000 	 1.800000 	 0.500000 	 1.700000
-94.500000 	 1.800000 	 0.500000 	 1.700000
-95.500000 	 1.800000 	 0.500000 	 1.700000
-96.500000 	 1.800000 	 0.500000 	 1.700000
-97.500000 	 1.800000 	 0.500000 	 1.700000
-98.500000 	 1.800000 	 0.500000 	 1.700000
-99.500000 	 1.800000 	 0.500000 	 1.700000
-100.500000 	 1.800000 	 0.500000 	 1.700000
-101.500000 	 1.800000 	 0.500000 	 1.700000
-102.500000 	 1.800000 	 0.500000 	 1.700000
-103.500000 	 1.800000 	 0.500000 	 1.700000
-104.500000 	 1.800000 	 0.500000 	 1.700000
-105.500000 	 1.800000 	 0.500000 	 1.700000
-106.500000 	 1.800000 	 0.500000 	 1.700000
-107.500000 	 1.800000 	 0.500000 	 1.700000
-108.500000 	 1.800000 	 0.500000 	 1.700000
-109.500000 	 1.800000 	 0.500000 	 1.700000
-110.500000 	 1.800000 	 0.500000 	 1.700000
-111.500000 	 1.800000 	 0.500000 	 1.700000
-112.500000 	 1.800000 	 0.500000 	 1.700000
-113.500000 	 1.800000 	 0.500000 	 1.700000
-114.500000 	 1.800000 	 0.500000 	 1.700000
-115.500000 	 1.800000 	 0.500000 	 1.700000
-116.500000 	 1.800000 	 0.500000 	 1.700000
-117.500000 	 1.800000 	 0.500000 	 1.700000
-118.500000 	 1.800000 	 0.500000 	 1.700000
-119.500000 	 1.800000 	 0.500000 	 1.700000
-120.500000 	 1.800000 	 0.500000 	 1.700000
-121.500000 	 1.800000 	 0.500000 	 1.700000
-122.500000 	 1.800000 	 0.500000 	 1.700000
-123.500000 	 1.800000 	 0.500000 	 1.700000
-124.500000 	 1.800000 	 0.500000 	 1.700000
-125.500000 	 1.800000 	 0.500000 	 1.700000
-126.500000 	 1.800000 	 0.500000 	 1.700000
-127.500000 	 1.800000 	 0.500000 	 1.700000
-128.500000 	 1.800000 	 0.500000 	 1.700000
-129.500000 	 1.800000 	 0.500000 	 1.700000
-130.500000 	 1.800000 	 0.500000 	 1.700000
-131.500000 	 1.800000 	 0.500000 	 1.700000
-132.500000 	 1.800000 	 0.500000 	 1.700000
-133.500000 	 1.800000 	 0.500000 	 1.700000
-134.500000 	 1.800000 	 0.500000 	 1.700000
-135.500000 	 1.800000 	 0.500000 	 1.700000
-136.500000 	 1.800000 	 0.500000 	 1.700000
-137.500000 	 1.800000 	 0.500000 	 1.700000
-138.500000 	 1.800000 	 0.500000 	 1.700000
-139.500000 	 1.800000 	 0.500000 	 1.700000
-140.500000 	 1.800000 	 0.500000 	 1.700000
-141.500000 	 1.800000 	 0.500000 	 1.700000
-142.500000 	 1.800000 	 0.500000 	 1.700000
-143.500000 	 1.800000 	 0.500000 	 1.700000
-144.500000 	 1.800000 	 0.500000 	 1.700000
-145.500000 	 1.800000 	 0.500000 	 1.700000
-146.500000 	 1.800000 	 0.500000 	 1.700000
-147.500000 	 1.800000 	 0.500000 	 1.700000
-148.500000 	 1.800000 	 0.500000 	 1.700000
-149.500000 	 1.800000 	 0.500000 	 1.700000
-150.500000 	 1.800000 	 0.500000 	 1.700000
-151.500000 	 1.800000 	 0.500000 	 1.700000
-152.500000 	 1.800000 	 0.500000 	 1.700000
-153.500000 	 1.800000 	 0.500000 	 1.700000
-154.500000 	 1.800000 	 0.500000 	 1.700000
-155.500000 	 1.800000 	 0.500000 	 1.700000
-156.500000 	 1.800000 	 0.500000 	 1.700000
-157.500000 	 1.800000 	 0.500000 	 1.700000
-158.500000 	 1.800000 	 0.500000 	 1.700000
-159.500000 	 1.800000 	 0.500000 	 1.700000
-160.500000 	 1.800000 	 0.500000 	 1.700000
-161.500000 	 1.800000 	 0.500000 	 1.700000
-162.500000 	 1.800000 	 0.500000 	 1.700000
-163.500000 	 1.800000 	 0.500000 	 1.700000
-164.500000 	 1.800000 	 0.500000 	 1.700000
-165.500000 	 1.800000 	 0.500000 	 1.700000
-166.500000 	 1.800000 	 0.500000 	 1.700000
-167.500000 	 1.800000 	 0.500000 	 1.700000
-168.500000 	 1.800000 	 0.500000 	 1.700000
-169.500000 	 1.800000 	 0.500000 	 1.700000
-170.500000 	 1.800000 	 0.500000 	 1.700000
-171.500000 	 1.800000 	 0.500000 	 1.700000
-172.500000 	 1.800000 	 0.500000 	 1.700000
-173.500000 	 1.800000 	 0.500000 	 1.700000
-174.500000 	 1.800000 	 0.500000 	 1.700000
-175.500000 	 1.800000 	 0.500000 	 1.700000
-176.500000 	 1.800000 	 0.500000 	 1.700000
-177.500000 	 1.800000 	 0.500000 	 1.700000
-178.500000 	 1.800000 	 0.500000 	 1.700000
-179.500000 	 1.800000 	 0.500000 	 1.700000
-180.500000 	 1.800000 	 0.500000 	 1.700000
-181.500000 	 1.800000 	 0.500000 	 1.700000
-182.500000 	 1.800000 	 0.500000 	 1.700000
-183.500000 	 1.800000 	 0.500000 	 1.700000
-184.500000 	 1.800000 	 0.500000 	 1.700000
-185.500000 	 1.800000 	 0.500000 	 1.700000
-186.500000 	 1.800000 	 0.500000 	 1.700000
-187.500000 	 1.800000 	 0.500000 	 1.700000
-188.500000 	 1.800000 	 0.500000 	 1.700000
-189.500000 	 1.800000 	 0.500000 	 1.700000
-190.500000 	 1.800000 	 0.500000 	 1.700000
-191.500000 	 1.800000 	 0.500000 	 1.700000
-192.500000 	 1.800000 	 0.500000 	 1.700000
-193.500000 	 1.800000 	 0.500000 	 1.700000
-194.500000 	 1.800000 	 0.500000 	 1.700000
-195.500000 	 1.800000 	 0.500000 	 1.700000
-196.500000 	 1.800000 	 0.500000 	 1.700000
-197.500000 	 1.800000 	 0.500000 	 1.700000
-198.500000 	 1.800000 	 0.500000 	 1.700000
-199.500000 	 1.800000 	 0.500000 	 1.700000
-200.500000 	 1.800000 	 0.500000 	 1.700000
-201.500000 	 1.800000 	 0.500000 	 1.700000
-202.500000 	 1.800000 	 0.500000 	 1.700000
-203.500000 	 1.800000 	 0.500000 	 1.700000
-204.500000 	 1.800000 	 0.500000 	 1.700000
-205.500000 	 1.800000 	 0.500000 	 1.700000
-206.500000 	 1.800000 	 0.500000 	 1.700000
-207.500000 	 1.800000 	 0.500000 	 1.700000
-208.500000 	 1.800000 	 0.500000 	 1.700000
-209.500000 	 1.800000 	 0.500000 	 1.700000
-210.500000 	 1.800000 	 0.500000 	 1.700000
-211.500000 	 1.800000 	 0.500000 	 1.700000
-212.500000 	 1.800000 	 0.500000 	 1.700000
-213.500000 	 1.800000 	 0.500000 	 1.700000
-214.500000 	 1.800000 	 0.500000 	 1.700000
-215.500000 	 1.800000 	 0.500000 	 1.700000
-216.500000 	 1.800000 	 0.500000 	 1.700000
-217.500000 	 1.800000 	 0.500000 	 1.700000
-218.500000 	 1.800000 	 0.500000 	 1.700000
-219.500000 	 1.800000 	 0.500000 	 1.700000
-220.500000 	 1.800000 	 0.500000 	 1.700000
-221.500000 	 1.800000 	 0.500000 	 1.700000
-222.500000 	 1.800000 	 0.500000 	 1.700000
-223.500000 	 1.800000 	 0.500000 	 1.700000
-224.500000 	 1.800000 	 0.500000 	 1.700000
-225.500000 	 1.800000 	 0.500000 	 1.700000
-226.500000 	 1.800000 	 0.500000 	 1.700000
-227.500000 	 1.800000 	 0.500000 	 1.700000
-228.500000 	 1.800000 	 0.500000 	 1.700000
-229.500000 	 1.800000 	 0.500000 	 1.700000
-230.500000 	 1.800000 	 0.500000 	 1.700000
-231.500000 	 1.800000 	 0.500000 	 1.700000
-232.500000 	 1.800000 	 0.500000 	 1.700000
-233.500000 	 1.800000 	 0.500000 	 1.700000
-234.500000 	 1.800000 	 0.500000 	 1.700000
-235.500000 	 1.800000 	 0.500000 	 1.700000
-236.500000 	 1.800000 	 0.500000 	 1.700000
-237.500000 	 1.800000 	 0.500000 	 1.700000
-238.500000 	 1.800000 	 0.500000 	 1.700000
-239.500000 	 1.800000 	 0.500000 	 1.700000
-240.500000 	 1.800000 	 0.500000 	 1.700000
-241.500000 	 1.800000 	 0.500000 	 1.700000
-242.500000 	 1.800000 	 0.500000 	 1.700000
-243.500000 	 1.800000 	 0.500000 	 1.700000
-244.500000 	 1.800000 	 0.500000 	 1.700000
-245.500000 	 1.800000 	 0.500000 	 1.700000
-246.500000 	 1.800000 	 0.500000 	 1.700000
-247.500000 	 1.800000 	 0.500000 	 1.700000
-248.500000 	 1.800000 	 0.500000 	 1.700000
-249.500000 	 1.800000 	 0.500000 	 1.700000
-250.500000 	 1.800000 	 0.500000 	 1.700000
-251.500000 	 1.800000 	 0.500000 	 1.700000
-252.500000 	 1.800000 	 0.500000 	 1.700000
-253.500000 	 1.800000 	 0.500000 	 1.700000
-254.500000 	 1.800000 	 0.500000 	 1.700000
-255.500000 	 1.800000 	 0.500000 	 1.700000
-256.500000 	 1.800000 	 0.500000 	 1.700000
-257.500000 	 1.800000 	 0.500000 	 1.700000
-258.500000 	 1.800000 	 0.500000 	 1.700000
-259.500000 	 1.800000 	 0.500000 	 1.700000
-260.500000 	 1.800000 	 0.500000 	 1.700000
-261.500000 	 1.800000 	 0.500000 	 1.700000
-262.500000 	 1.800000 	 0.500000 	 1.700000
-263.500000 	 1.800000 	 0.500000 	 1.700000
-264.500000 	 1.800000 	 0.500000 	 1.700000
-265.500000 	 1.800000 	 0.500000 	 1.700000
-266.500000 	 1.800000 	 0.500000 	 1.700000
-267.500000 	 1.800000 	 0.500000 	 1.700000
-268.500000 	 1.800000 	 0.500000 	 1.700000
-269.500000 	 1.800000 	 0.500000 	 1.700000
-270.500000 	 1.800000 	 0.500000 	 1.700000
-271.500000 	 1.800000 	 0.500000 	 1.700000
-272.500000 	 1.800000 	 0.500000 	 1.700000
-273.500000 	 1.800000 	 0.500000 	 1.700000
-274.500000 	 1.800000 	 0.500000 	 1.700000
-275.500000 	 1.800000 	 0.500000 	 1.700000
-276.500000 	 1.800000 	 0.500000 	 1.700000
-277.500000 	 1.800000 	 0.500000 	 1.700000
-278.500000 	 1.800000 	 0.500000 	 1.700000
-279.500000 	 1.800000 	 0.500000 	 1.700000
-280.500000 	 1.800000 	 0.500000 	 1.700000
-281.500000 	 1.800000 	 0.500000 	 1.700000
-282.500000 	 1.800000 	 0.500000 	 1.700000
-283.500000 	 1.800000 	 0.500000 	 1.700000
-284.500000 	 1.800000 	 0.500000 	 1.700000
-285.500000 	 1.800000 	 0.500000 	 1.700000
-286.500000 	 1.800000 	 0.500000 	 1.700000
-287.500000 	 1.800000 	 0.500000 	 1.700000
-288.500000 	 1.800000 	 0.500000 	 1.700000
-289.500000 	 1.800000 	 0.500000 	 1.700000
-290.500000 	 1.800000 	 0.500000 	 1.700000
-291.500000 	 1.800000 	 0.500000 	 1.700000
-292.500000 	 1.800000 	 0.500000 	 1.700000
-293.500000 	 1.800000 	 0.500000 	 1.700000
-294.500000 	 1.800000 	 0.500000 	 1.700000
-295.500000 	 1.800000 	 0.500000 	 1.700000
-296.500000 	 1.800000 	 0.500000 	 1.700000
-297.500000 	 1.800000 	 0.500000 	 1.700000
-298.500000 	 1.800000 	 0.500000 	 1.700000
-299.500000 	 1.800000 	 0.500000 	 1.700000
-300.500000 	 1.800000 	 0.500000 	 1.700000
-301.500000 	 1.800000 	 0.500000 	 1.700000
-302.500000 	 1.800000 	 0.500000 	 1.700000
-303.500000 	 1.800000 	 0.500000 	 1.700000
-304.500000 	 1.800000 	 0.500000 	 1.700000
-305.500000 	 1.800000 	 0.500000 	 1.700000
-306.500000 	 1.800000 	 0.500000 	 1.700000
-307.500000 	 1.800000 	 0.500000 	 1.700000
-308.500000 	 1.800000 	 0.500000 	 1.700000
-309.500000 	 1.800000 	 0.500000 	 1.700000
-310.500000 	 1.800000 	 0.500000 	 1.700000
-311.500000 	 1.800000 	 0.500000 	 1.700000
-312.500000 	 1.800000 	 0.500000 	 1.700000
-313.500000 	 1.800000 	 0.500000 	 1.700000
-314.500000 	 1.800000 	 0.500000 	 1.700000
-315.500000 	 1.800000 	 0.500000 	 1.700000
-316.500000 	 1.800000 	 0.500000 	 1.700000
-317.500000 	 1.800000 	 0.500000 	 1.700000
-318.500000 	 1.800000 	 0.500000 	 1.700000
-319.500000 	 1.800000 	 0.500000 	 1.700000
-320.500000 	 1.800000 	 0.500000 	 1.700000
-321.500000 	 1.800000 	 0.500000 	 1.700000
-322.500000 	 1.800000 	 0.500000 	 1.700000
-323.500000 	 1.800000 	 0.500000 	 1.700000
-324.500000 	 1.800000 	 0.500000 	 1.700000
-325.500000 	 1.800000 	 0.500000 	 1.700000
-326.500000 	 1.800000 	 0.500000 	 1.700000
-327.500000 	 1.800000 	 0.500000 	 1.700000
-328.500000 	 1.800000 	 0.500000 	 1.700000
-329.500000 	 1.800000 	 0.500000 	 1.700000
-330.500000 	 1.800000 	 0.500000 	 1.700000
-331.500000 	 1.800000 	 0.500000 	 1.700000
-332.500000 	 1.800000 	 0.500000 	 1.700000
-333.500000 	 1.800000 	 0.500000 	 1.700000
-334.500000 	 1.800000 	 0.500000 	 1.700000
-335.500000 	 1.800000 	 0.500000 	 1.700000
-336.500000 	 1.800000 	 0.500000 	 1.700000
-337.500000 	 1.800000 	 0.500000 	 1.700000
-338.500000 	 1.800000 	 0.500000 	 1.700000
-339.500000 	 1.800000 	 0.500000 	 1.700000
-340.500000 	 2.090000 	 0.630000 	 1.700000
-341.500000 	 2.090000 	 0.630000 	 1.700000
-342.500000 	 2.090000 	 0.630000 	 1.700000
-343.500000 	 2.090000 	 0.630000 	 1.700000
-344.500000 	 2.090000 	 0.630000 	 1.700000
-345.500000 	 2.090000 	 0.630000 	 1.700000
-346.500000 	 2.090000 	 0.630000 	 1.700000
-347.500000 	 2.090000 	 0.630000 	 1.700000
-348.500000 	 2.090000 	 0.630000 	 1.700000
-349.500000 	 2.090000 	 0.630000 	 1.700000
-350.500000 	 2.090000 	 0.630000 	 1.700000
-351.500000 	 2.090000 	 0.630000 	 1.700000
-352.500000 	 2.090000 	 0.630000 	 1.700000
-353.500000 	 2.090000 	 0.630000 	 1.700000
-354.500000 	 2.090000 	 0.630000 	 1.700000
-355.500000 	 2.090000 	 0.630000 	 1.700000
-356.500000 	 2.090000 	 0.630000 	 1.700000
-357.500000 	 2.090000 	 0.630000 	 1.700000
-358.500000 	 2.090000 	 0.630000 	 1.700000
-359.500000 	 2.090000 	 0.630000 	 1.700000
-360.500000 	 2.090000 	 0.630000 	 1.700000
-361.500000 	 2.090000 	 0.630000 	 1.700000
-362.500000 	 2.090000 	 0.630000 	 1.700000
-363.500000 	 2.090000 	 0.630000 	 1.700000
-364.500000 	 2.090000 	 0.630000 	 1.700000
-365.500000 	 2.090000 	 0.630000 	 1.700000
-366.500000 	 2.090000 	 0.630000 	 1.700000
-367.500000 	 2.090000 	 0.630000 	 1.700000
-368.500000 	 2.090000 	 0.630000 	 1.700000
-369.500000 	 2.090000 	 0.630000 	 1.700000
-370.500000 	 2.090000 	 0.630000 	 1.700000
-371.500000 	 2.090000 	 0.630000 	 1.700000
-372.500000 	 2.090000 	 0.630000 	 1.700000
-373.500000 	 2.090000 	 0.630000 	 1.700000
-374.500000 	 2.090000 	 0.630000 	 1.700000
-375.500000 	 2.090000 	 0.630000 	 1.700000
-376.500000 	 2.090000 	 0.630000 	 1.700000
-377.500000 	 2.090000 	 0.630000 	 1.700000
-378.500000 	 2.090000 	 0.630000 	 1.700000
-379.500000 	 2.090000 	 0.630000 	 1.700000
-380.500000 	 2.090000 	 0.630000 	 1.700000
-381.500000 	 2.090000 	 0.630000 	 1.700000
-382.500000 	 2.090000 	 0.630000 	 1.700000
-383.500000 	 2.090000 	 0.630000 	 1.700000
-384.500000 	 2.090000 	 0.630000 	 1.700000
-385.500000 	 2.090000 	 0.630000 	 1.700000
-386.500000 	 2.090000 	 0.630000 	 1.700000
-387.500000 	 2.090000 	 0.630000 	 1.700000
-388.500000 	 2.090000 	 0.630000 	 1.700000
-389.500000 	 2.090000 	 0.630000 	 1.700000
-390.500000 	 2.090000 	 0.630000 	 1.700000
-391.500000 	 2.090000 	 0.630000 	 1.700000
-392.500000 	 2.090000 	 0.630000 	 1.700000
-393.500000 	 2.090000 	 0.630000 	 1.700000
-394.500000 	 2.090000 	 0.630000 	 1.700000
-395.500000 	 2.090000 	 0.630000 	 1.700000
-396.500000 	 2.090000 	 0.630000 	 1.700000
-397.500000 	 2.090000 	 0.630000 	 1.700000
-398.500000 	 2.090000 	 0.630000 	 1.700000
-399.500000 	 2.090000 	 0.630000 	 1.700000
-400.500000 	 2.090000 	 0.630000 	 1.700000
-401.500000 	 2.090000 	 0.630000 	 1.700000
-402.500000 	 2.090000 	 0.630000 	 1.700000
-403.500000 	 2.090000 	 0.630000 	 1.700000
-404.500000 	 2.090000 	 0.630000 	 1.700000
-405.500000 	 2.090000 	 0.630000 	 1.700000
-406.500000 	 2.090000 	 0.630000 	 1.700000
-407.500000 	 2.090000 	 0.630000 	 1.700000
-408.500000 	 2.090000 	 0.630000 	 1.700000
-409.500000 	 2.090000 	 0.630000 	 1.700000
-410.500000 	 2.090000 	 0.630000 	 1.700000
-411.500000 	 2.090000 	 0.630000 	 1.700000
-412.500000 	 2.090000 	 0.630000 	 1.700000
-413.500000 	 2.090000 	 0.630000 	 1.700000
-414.500000 	 2.090000 	 0.630000 	 1.700000
-415.500000 	 2.090000 	 0.630000 	 1.700000
-416.500000 	 2.090000 	 0.630000 	 1.700000
-417.500000 	 2.090000 	 0.630000 	 1.700000
-418.500000 	 2.090000 	 0.630000 	 1.700000
-419.500000 	 2.090000 	 0.630000 	 1.700000
-420.500000 	 2.090000 	 0.630000 	 1.700000
-421.500000 	 2.090000 	 0.630000 	 1.700000
-422.500000 	 2.090000 	 0.630000 	 1.700000
-423.500000 	 2.090000 	 0.630000 	 1.700000
-424.500000 	 2.090000 	 0.630000 	 1.700000
-425.500000 	 2.090000 	 0.630000 	 1.700000
-426.500000 	 2.090000 	 0.630000 	 1.700000
-427.500000 	 2.090000 	 0.630000 	 1.700000
-428.500000 	 2.090000 	 0.630000 	 1.700000
-429.500000 	 2.090000 	 0.630000 	 1.700000
-430.500000 	 2.090000 	 0.630000 	 1.700000
-431.500000 	 2.090000 	 0.630000 	 1.700000
-432.500000 	 2.090000 	 0.630000 	 1.700000
-433.500000 	 2.090000 	 0.630000 	 1.700000
-434.500000 	 2.090000 	 0.630000 	 1.700000
-435.500000 	 2.090000 	 0.630000 	 1.700000
-436.500000 	 2.090000 	 0.630000 	 1.700000
-437.500000 	 2.090000 	 0.630000 	 1.700000
-438.500000 	 2.090000 	 0.630000 	 1.700000
-439.500000 	 2.090000 	 0.630000 	 1.700000
-440.500000 	 2.090000 	 0.630000 	 1.700000
-441.500000 	 2.090000 	 0.630000 	 1.700000
-442.500000 	 2.090000 	 0.630000 	 1.700000
-443.500000 	 2.090000 	 0.630000 	 1.700000
-444.500000 	 2.090000 	 0.630000 	 1.700000
-445.500000 	 2.090000 	 0.630000 	 1.700000
-446.500000 	 2.090000 	 0.630000 	 1.700000
-447.500000 	 2.090000 	 0.630000 	 1.700000
-448.500000 	 2.090000 	 0.630000 	 1.700000
-449.500000 	 2.090000 	 0.630000 	 1.700000
-450.500000 	 2.090000 	 0.630000 	 1.700000
-451.500000 	 2.090000 	 0.630000 	 1.700000
-452.500000 	 2.090000 	 0.630000 	 1.700000
-453.500000 	 2.090000 	 0.630000 	 1.700000
-454.500000 	 2.090000 	 0.630000 	 1.700000
-455.500000 	 2.090000 	 0.630000 	 1.700000
-456.500000 	 2.090000 	 0.630000 	 1.700000
-457.500000 	 2.090000 	 0.630000 	 1.700000
-458.500000 	 2.090000 	 0.630000 	 1.700000
-459.500000 	 2.090000 	 0.630000 	 1.700000
-460.500000 	 2.090000 	 0.630000 	 1.700000
-461.500000 	 2.090000 	 0.630000 	 1.700000
-462.500000 	 2.090000 	 0.630000 	 1.700000
-463.500000 	 2.090000 	 0.630000 	 1.700000
-464.500000 	 2.090000 	 0.630000 	 1.700000
-465.500000 	 2.090000 	 0.630000 	 1.700000
-466.500000 	 2.090000 	 0.630000 	 1.700000
-467.500000 	 2.090000 	 0.630000 	 1.700000
-468.500000 	 2.090000 	 0.630000 	 1.700000
-469.500000 	 2.090000 	 0.630000 	 1.700000
-470.500000 	 2.090000 	 0.630000 	 1.700000
-471.500000 	 2.090000 	 0.630000 	 1.700000
-472.500000 	 2.090000 	 0.630000 	 1.700000
-473.500000 	 2.090000 	 0.630000 	 1.700000
-474.500000 	 2.090000 	 0.630000 	 1.700000
-475.500000 	 2.090000 	 0.630000 	 1.700000
-476.500000 	 2.090000 	 0.630000 	 1.700000
-477.500000 	 2.090000 	 0.630000 	 1.700000
-478.500000 	 2.090000 	 0.630000 	 1.700000
-479.500000 	 2.090000 	 0.630000 	 1.700000
-480.500000 	 2.090000 	 0.630000 	 1.700000
-481.500000 	 2.090000 	 0.630000 	 1.700000
-482.500000 	 2.090000 	 0.630000 	 1.700000
-483.500000 	 2.090000 	 0.630000 	 1.700000
-484.500000 	 2.090000 	 0.630000 	 1.700000
-485.500000 	 2.090000 	 0.630000 	 1.700000
-486.500000 	 2.090000 	 0.630000 	 1.700000
-487.500000 	 2.090000 	 0.630000 	 1.700000
-488.500000 	 2.090000 	 0.630000 	 1.700000
-489.500000 	 2.090000 	 0.630000 	 1.700000
-490.500000 	 2.090000 	 0.630000 	 1.700000
-491.500000 	 2.090000 	 0.630000 	 1.700000
-492.500000 	 2.090000 	 0.630000 	 1.700000
-493.500000 	 2.090000 	 0.630000 	 1.700000
-494.500000 	 2.090000 	 0.630000 	 1.700000
-495.500000 	 2.090000 	 0.630000 	 1.700000
-496.500000 	 2.090000 	 0.630000 	 1.700000
-497.500000 	 2.090000 	 0.630000 	 1.700000
-498.500000 	 2.090000 	 0.630000 	 1.700000
-499.500000 	 2.090000 	 0.630000 	 1.700000
-500.500000 	 2.090000 	 0.630000 	 1.700000
-501.500000 	 2.090000 	 0.630000 	 1.700000
-502.500000 	 2.090000 	 0.630000 	 1.700000
-503.500000 	 2.090000 	 0.630000 	 1.700000
-504.500000 	 2.090000 	 0.630000 	 1.700000
-505.500000 	 2.090000 	 0.630000 	 1.700000
-506.500000 	 2.090000 	 0.630000 	 1.700000
-507.500000 	 2.090000 	 0.630000 	 1.700000
-508.500000 	 2.090000 	 0.630000 	 1.700000
-509.500000 	 2.090000 	 0.630000 	 1.700000
-510.500000 	 2.240000 	 0.760000 	 1.750000
-511.500000 	 2.240000 	 0.760000 	 1.750000
-512.500000 	 2.240000 	 0.760000 	 1.750000
-513.500000 	 2.240000 	 0.760000 	 1.750000
-514.500000 	 2.240000 	 0.760000 	 1.750000
-515.500000 	 2.240000 	 0.760000 	 1.750000
-516.500000 	 2.240000 	 0.760000 	 1.750000
-517.500000 	 2.240000 	 0.760000 	 1.750000
-518.500000 	 2.240000 	 0.760000 	 1.750000
-519.500000 	 2.240000 	 0.760000 	 1.750000
-520.500000 	 2.240000 	 0.760000 	 1.750000
-521.500000 	 2.240000 	 0.760000 	 1.750000
-522.500000 	 2.240000 	 0.760000 	 1.750000
-523.500000 	 2.240000 	 0.760000 	 1.750000
-524.500000 	 2.240000 	 0.760000 	 1.750000
-525.500000 	 2.240000 	 0.760000 	 1.750000
-526.500000 	 2.240000 	 0.760000 	 1.750000
-527.500000 	 2.240000 	 0.760000 	 1.750000
-528.500000 	 2.240000 	 0.760000 	 1.750000
-529.500000 	 2.240000 	 0.760000 	 1.750000
-530.500000 	 2.240000 	 0.760000 	 1.750000
-531.500000 	 2.240000 	 0.760000 	 1.750000
-532.500000 	 2.240000 	 0.760000 	 1.750000
-533.500000 	 2.240000 	 0.760000 	 1.750000
-534.500000 	 2.240000 	 0.760000 	 1.750000
-535.500000 	 2.240000 	 0.760000 	 1.750000
-536.500000 	 2.240000 	 0.760000 	 1.750000
-537.500000 	 2.240000 	 0.760000 	 1.750000
-538.500000 	 2.240000 	 0.760000 	 1.750000
-539.500000 	 2.240000 	 0.760000 	 1.750000
-540.500000 	 2.240000 	 0.760000 	 1.750000
-541.500000 	 2.240000 	 0.760000 	 1.750000
-542.500000 	 2.240000 	 0.760000 	 1.750000
-543.500000 	 2.240000 	 0.760000 	 1.750000
-544.500000 	 2.240000 	 0.760000 	 1.750000
-545.500000 	 2.240000 	 0.760000 	 1.750000
-546.500000 	 2.240000 	 0.760000 	 1.750000
-547.500000 	 2.240000 	 0.760000 	 1.750000
-548.500000 	 2.240000 	 0.760000 	 1.750000
-549.500000 	 2.240000 	 0.760000 	 1.750000
-550.500000 	 2.240000 	 0.760000 	 1.750000
-551.500000 	 2.240000 	 0.760000 	 1.750000
-552.500000 	 2.240000 	 0.760000 	 1.750000
-553.500000 	 2.240000 	 0.760000 	 1.750000
-554.500000 	 2.240000 	 0.760000 	 1.750000
-555.500000 	 2.240000 	 0.760000 	 1.750000
-556.500000 	 2.240000 	 0.760000 	 1.750000
-557.500000 	 2.240000 	 0.760000 	 1.750000
-558.500000 	 2.240000 	 0.760000 	 1.750000
-559.500000 	 2.240000 	 0.760000 	 1.750000
-560.500000 	 2.240000 	 0.760000 	 1.750000
-561.500000 	 2.240000 	 0.760000 	 1.750000
-562.500000 	 2.240000 	 0.760000 	 1.750000
-563.500000 	 2.240000 	 0.760000 	 1.750000
-564.500000 	 2.240000 	 0.760000 	 1.750000
-565.500000 	 2.240000 	 0.760000 	 1.750000
-566.500000 	 2.240000 	 0.760000 	 1.750000
-567.500000 	 2.240000 	 0.760000 	 1.750000
-568.500000 	 2.240000 	 0.760000 	 1.750000
-569.500000 	 2.240000 	 0.760000 	 1.750000
-570.500000 	 2.240000 	 0.760000 	 1.750000
-571.500000 	 2.240000 	 0.760000 	 1.750000
-572.500000 	 2.240000 	 0.760000 	 1.750000
-573.500000 	 2.240000 	 0.760000 	 1.750000
-574.500000 	 2.240000 	 0.760000 	 1.750000
-575.500000 	 2.240000 	 0.760000 	 1.750000
-576.500000 	 2.240000 	 0.760000 	 1.750000
-577.500000 	 2.240000 	 0.760000 	 1.750000
-578.500000 	 2.240000 	 0.760000 	 1.750000
-579.500000 	 2.240000 	 0.760000 	 1.750000
-580.500000 	 2.240000 	 0.760000 	 1.750000
-581.500000 	 2.240000 	 0.760000 	 1.750000
-582.500000 	 2.240000 	 0.760000 	 1.750000
-583.500000 	 2.240000 	 0.760000 	 1.750000
-584.500000 	 2.240000 	 0.760000 	 1.750000
-585.500000 	 2.240000 	 0.760000 	 1.750000
-586.500000 	 2.240000 	 0.760000 	 1.750000
-587.500000 	 2.240000 	 0.760000 	 1.750000
-588.500000 	 2.240000 	 0.760000 	 1.750000
-589.500000 	 2.240000 	 0.760000 	 1.750000
-590.500000 	 2.240000 	 0.760000 	 1.750000
-591.500000 	 2.240000 	 0.760000 	 1.750000
-592.500000 	 2.240000 	 0.760000 	 1.750000
-593.500000 	 2.240000 	 0.760000 	 1.750000
-594.500000 	 2.240000 	 0.760000 	 1.750000
-595.500000 	 2.240000 	 0.760000 	 1.750000
-596.500000 	 2.240000 	 0.760000 	 1.750000
-597.500000 	 2.240000 	 0.760000 	 1.750000
-598.500000 	 2.240000 	 0.760000 	 1.750000
-599.500000 	 2.240000 	 0.760000 	 1.750000
-600.500000 	 2.240000 	 0.760000 	 1.750000
-601.500000 	 2.240000 	 0.760000 	 1.750000
-602.500000 	 2.240000 	 0.760000 	 1.750000
-603.500000 	 2.240000 	 0.760000 	 1.750000
-604.500000 	 2.240000 	 0.760000 	 1.750000
-605.500000 	 2.240000 	 0.760000 	 1.750000
-606.500000 	 2.240000 	 0.760000 	 1.750000
-607.500000 	 2.240000 	 0.760000 	 1.750000
-608.500000 	 2.240000 	 0.760000 	 1.750000
-609.500000 	 2.240000 	 0.760000 	 1.750000
-610.500000 	 2.240000 	 0.760000 	 1.750000
-611.500000 	 2.240000 	 0.760000 	 1.750000
-612.500000 	 2.240000 	 0.760000 	 1.750000
-613.500000 	 2.240000 	 0.760000 	 1.750000
-614.500000 	 2.240000 	 0.760000 	 1.750000
-615.500000 	 2.240000 	 0.760000 	 1.750000
-616.500000 	 2.240000 	 0.760000 	 1.750000
-617.500000 	 2.240000 	 0.760000 	 1.750000
-618.500000 	 2.240000 	 0.760000 	 1.750000
-619.500000 	 2.240000 	 0.760000 	 1.750000
-620.500000 	 2.240000 	 0.760000 	 1.750000
-621.500000 	 2.240000 	 0.760000 	 1.750000
-622.500000 	 2.240000 	 0.760000 	 1.750000
-623.500000 	 2.240000 	 0.760000 	 1.750000
-624.500000 	 2.240000 	 0.760000 	 1.750000
-625.500000 	 2.240000 	 0.760000 	 1.750000
-626.500000 	 2.240000 	 0.760000 	 1.750000
-627.500000 	 2.240000 	 0.760000 	 1.750000
-628.500000 	 2.240000 	 0.760000 	 1.750000
-629.500000 	 2.240000 	 0.760000 	 1.750000
-630.500000 	 2.240000 	 0.760000 	 1.750000
-631.500000 	 2.240000 	 0.760000 	 1.750000
-632.500000 	 2.240000 	 0.760000 	 1.750000
-633.500000 	 2.240000 	 0.760000 	 1.750000
-634.500000 	 2.240000 	 0.760000 	 1.750000
-635.500000 	 2.240000 	 0.760000 	 1.750000
-636.500000 	 2.240000 	 0.760000 	 1.750000
-637.500000 	 2.240000 	 0.760000 	 1.750000
-638.500000 	 2.240000 	 0.760000 	 1.750000
-639.500000 	 2.240000 	 0.760000 	 1.750000
-640.500000 	 2.240000 	 0.760000 	 1.750000
-641.500000 	 2.240000 	 0.760000 	 1.750000
-642.500000 	 2.240000 	 0.760000 	 1.750000
-643.500000 	 2.240000 	 0.760000 	 1.750000
-644.500000 	 2.240000 	 0.760000 	 1.750000
-645.500000 	 2.240000 	 0.760000 	 1.750000
-646.500000 	 2.240000 	 0.760000 	 1.750000
-647.500000 	 2.240000 	 0.760000 	 1.750000
-648.500000 	 2.240000 	 0.760000 	 1.750000
-649.500000 	 2.240000 	 0.760000 	 1.750000
-650.500000 	 2.240000 	 0.760000 	 1.750000
-651.500000 	 2.240000 	 0.760000 	 1.750000
-652.500000 	 2.240000 	 0.760000 	 1.750000
-653.500000 	 2.240000 	 0.760000 	 1.750000
-654.500000 	 2.240000 	 0.760000 	 1.750000
-655.500000 	 2.240000 	 0.760000 	 1.750000
-656.500000 	 2.240000 	 0.760000 	 1.750000
-657.500000 	 2.240000 	 0.760000 	 1.750000
-658.500000 	 2.240000 	 0.760000 	 1.750000
-659.500000 	 2.240000 	 0.760000 	 1.750000
-660.500000 	 2.240000 	 0.760000 	 1.750000
-661.500000 	 2.240000 	 0.760000 	 1.750000
-662.500000 	 2.240000 	 0.760000 	 1.750000
-663.500000 	 2.240000 	 0.760000 	 1.750000
-664.500000 	 2.240000 	 0.760000 	 1.750000
-665.500000 	 2.240000 	 0.760000 	 1.750000
-666.500000 	 2.240000 	 0.760000 	 1.750000
-667.500000 	 2.240000 	 0.760000 	 1.750000
-668.500000 	 2.240000 	 0.760000 	 1.750000
-669.500000 	 2.240000 	 0.760000 	 1.750000
-670.500000 	 2.240000 	 0.760000 	 1.750000
-671.500000 	 2.240000 	 0.760000 	 1.750000
-672.500000 	 2.240000 	 0.760000 	 1.750000
-673.500000 	 2.240000 	 0.760000 	 1.750000
-674.500000 	 2.240000 	 0.760000 	 1.750000
-675.500000 	 2.240000 	 0.760000 	 1.750000
-676.500000 	 2.240000 	 0.760000 	 1.750000
-677.500000 	 2.240000 	 0.760000 	 1.750000
-678.500000 	 2.240000 	 0.760000 	 1.750000
-679.500000 	 2.240000 	 0.760000 	 1.750000
-680.500000 	 2.390000 	 0.890000 	 1.750000
-681.500000 	 2.390000 	 0.890000 	 1.750000
-682.500000 	 2.390000 	 0.890000 	 1.750000
-683.500000 	 2.390000 	 0.890000 	 1.750000
-684.500000 	 2.390000 	 0.890000 	 1.750000
-685.500000 	 2.390000 	 0.890000 	 1.750000
-686.500000 	 2.390000 	 0.890000 	 1.750000
-687.500000 	 2.390000 	 0.890000 	 1.750000
-688.500000 	 2.390000 	 0.890000 	 1.750000
-689.500000 	 2.390000 	 0.890000 	 1.750000
-690.500000 	 2.390000 	 0.890000 	 1.750000
-691.500000 	 2.390000 	 0.890000 	 1.750000
-692.500000 	 2.390000 	 0.890000 	 1.750000
-693.500000 	 2.390000 	 0.890000 	 1.750000
-694.500000 	 2.390000 	 0.890000 	 1.750000
-695.500000 	 2.390000 	 0.890000 	 1.750000
-696.500000 	 2.390000 	 0.890000 	 1.750000
-697.500000 	 2.390000 	 0.890000 	 1.750000
-698.500000 	 2.390000 	 0.890000 	 1.750000
-699.500000 	 2.390000 	 0.890000 	 1.750000
-700.500000 	 2.390000 	 0.890000 	 1.750000
-701.500000 	 2.390000 	 0.890000 	 1.750000
-702.500000 	 2.390000 	 0.890000 	 1.750000
-703.500000 	 2.390000 	 0.890000 	 1.750000
-704.500000 	 2.390000 	 0.890000 	 1.750000
-705.500000 	 2.390000 	 0.890000 	 1.750000
-706.500000 	 2.390000 	 0.890000 	 1.750000
-707.500000 	 2.390000 	 0.890000 	 1.750000
-708.500000 	 2.390000 	 0.890000 	 1.750000
-709.500000 	 2.390000 	 0.890000 	 1.750000
-710.500000 	 2.390000 	 0.890000 	 1.750000
-711.500000 	 2.390000 	 0.890000 	 1.750000
-712.500000 	 2.390000 	 0.890000 	 1.750000
-713.500000 	 2.390000 	 0.890000 	 1.750000
-714.500000 	 2.390000 	 0.890000 	 1.750000
-715.500000 	 2.390000 	 0.890000 	 1.750000
-716.500000 	 2.390000 	 0.890000 	 1.750000
-717.500000 	 2.390000 	 0.890000 	 1.750000
-718.500000 	 2.390000 	 0.890000 	 1.750000
-719.500000 	 2.390000 	 0.890000 	 1.750000
-720.500000 	 2.390000 	 0.890000 	 1.750000
-721.500000 	 2.390000 	 0.890000 	 1.750000
-722.500000 	 2.390000 	 0.890000 	 1.750000
-723.500000 	 2.390000 	 0.890000 	 1.750000
-724.500000 	 2.390000 	 0.890000 	 1.750000
-725.500000 	 2.390000 	 0.890000 	 1.750000
-726.500000 	 2.390000 	 0.890000 	 1.750000
-727.500000 	 2.390000 	 0.890000 	 1.750000
-728.500000 	 2.390000 	 0.890000 	 1.750000
-729.500000 	 2.390000 	 0.890000 	 1.750000
-730.500000 	 2.390000 	 0.890000 	 1.750000
-731.500000 	 2.390000 	 0.890000 	 1.750000
-732.500000 	 2.390000 	 0.890000 	 1.750000
-733.500000 	 2.390000 	 0.890000 	 1.750000
-734.500000 	 2.390000 	 0.890000 	 1.750000
-735.500000 	 2.390000 	 0.890000 	 1.750000
-736.500000 	 2.390000 	 0.890000 	 1.750000
-737.500000 	 2.390000 	 0.890000 	 1.750000
-738.500000 	 2.390000 	 0.890000 	 1.750000
-739.500000 	 2.390000 	 0.890000 	 1.750000
-740.500000 	 2.390000 	 0.890000 	 1.750000
-741.500000 	 2.390000 	 0.890000 	 1.750000
-742.500000 	 2.390000 	 0.890000 	 1.750000
-743.500000 	 2.390000 	 0.890000 	 1.750000
-744.500000 	 2.390000 	 0.890000 	 1.750000
-745.500000 	 2.390000 	 0.890000 	 1.750000
-746.500000 	 2.390000 	 0.890000 	 1.750000
-747.500000 	 2.390000 	 0.890000 	 1.750000
-748.500000 	 2.390000 	 0.890000 	 1.750000
-749.500000 	 2.390000 	 0.890000 	 1.750000
-750.500000 	 2.390000 	 0.890000 	 1.750000
-751.500000 	 2.390000 	 0.890000 	 1.750000
-752.500000 	 2.390000 	 0.890000 	 1.750000
-753.500000 	 2.390000 	 0.890000 	 1.750000
-754.500000 	 2.390000 	 0.890000 	 1.750000
-755.500000 	 2.390000 	 0.890000 	 1.750000
-756.500000 	 2.390000 	 0.890000 	 1.750000
-757.500000 	 2.390000 	 0.890000 	 1.750000
-758.500000 	 2.390000 	 0.890000 	 1.750000
-759.500000 	 2.390000 	 0.890000 	 1.750000
-760.500000 	 2.390000 	 0.890000 	 1.750000
-761.500000 	 2.390000 	 0.890000 	 1.750000
-762.500000 	 2.390000 	 0.890000 	 1.750000
-763.500000 	 2.390000 	 0.890000 	 1.750000
-764.500000 	 2.390000 	 0.890000 	 1.750000
-765.500000 	 2.390000 	 0.890000 	 1.750000
-766.500000 	 2.390000 	 0.890000 	 1.750000
-767.500000 	 2.390000 	 0.890000 	 1.750000
-768.500000 	 2.390000 	 0.890000 	 1.750000
-769.500000 	 2.390000 	 0.890000 	 1.750000
-770.500000 	 2.390000 	 0.890000 	 1.750000
-771.500000 	 2.390000 	 0.890000 	 1.750000
-772.500000 	 2.390000 	 0.890000 	 1.750000
-773.500000 	 2.390000 	 0.890000 	 1.750000
-774.500000 	 2.390000 	 0.890000 	 1.750000
-775.500000 	 2.390000 	 0.890000 	 1.750000
-776.500000 	 2.390000 	 0.890000 	 1.750000
-777.500000 	 2.390000 	 0.890000 	 1.750000
-778.500000 	 2.390000 	 0.890000 	 1.750000
-779.500000 	 2.390000 	 0.890000 	 1.750000
-780.500000 	 2.390000 	 0.890000 	 1.750000
-781.500000 	 2.390000 	 0.890000 	 1.750000
-782.500000 	 2.390000 	 0.890000 	 1.750000
-783.500000 	 2.390000 	 0.890000 	 1.750000
-784.500000 	 2.390000 	 0.890000 	 1.750000
-785.500000 	 2.390000 	 0.890000 	 1.750000
-786.500000 	 2.390000 	 0.890000 	 1.750000
-787.500000 	 2.390000 	 0.890000 	 1.750000
-788.500000 	 2.390000 	 0.890000 	 1.750000
-789.500000 	 2.390000 	 0.890000 	 1.750000
-790.500000 	 2.390000 	 0.890000 	 1.750000
-791.500000 	 2.390000 	 0.890000 	 1.750000
-792.500000 	 2.390000 	 0.890000 	 1.750000
-793.500000 	 2.390000 	 0.890000 	 1.750000
-794.500000 	 2.390000 	 0.890000 	 1.750000
-795.500000 	 2.390000 	 0.890000 	 1.750000
-796.500000 	 2.390000 	 0.890000 	 1.750000
-797.500000 	 2.390000 	 0.890000 	 1.750000
-798.500000 	 2.390000 	 0.890000 	 1.750000
-799.500000 	 2.390000 	 0.890000 	 1.750000
-800.500000 	 2.390000 	 0.890000 	 1.750000
-801.500000 	 2.390000 	 0.890000 	 1.750000
-802.500000 	 2.390000 	 0.890000 	 1.750000
-803.500000 	 2.390000 	 0.890000 	 1.750000
-804.500000 	 2.390000 	 0.890000 	 1.750000
-805.500000 	 2.390000 	 0.890000 	 1.750000
-806.500000 	 2.390000 	 0.890000 	 1.750000
-807.500000 	 2.390000 	 0.890000 	 1.750000
-808.500000 	 2.390000 	 0.890000 	 1.750000
-809.500000 	 2.390000 	 0.890000 	 1.750000
-810.500000 	 2.390000 	 0.890000 	 1.750000
-811.500000 	 2.390000 	 0.890000 	 1.750000
-812.500000 	 2.390000 	 0.890000 	 1.750000
-813.500000 	 2.390000 	 0.890000 	 1.750000
-814.500000 	 2.390000 	 0.890000 	 1.750000
-815.500000 	 2.390000 	 0.890000 	 1.750000
-816.500000 	 2.390000 	 0.890000 	 1.750000
-817.500000 	 2.390000 	 0.890000 	 1.750000
-818.500000 	 2.390000 	 0.890000 	 1.750000
-819.500000 	 2.390000 	 0.890000 	 1.750000
-820.500000 	 2.390000 	 0.890000 	 1.750000
-821.500000 	 2.390000 	 0.890000 	 1.750000
-822.500000 	 2.390000 	 0.890000 	 1.750000
-823.500000 	 2.390000 	 0.890000 	 1.750000
-824.500000 	 2.390000 	 0.890000 	 1.750000
-825.500000 	 2.390000 	 0.890000 	 1.750000
-826.500000 	 2.390000 	 0.890000 	 1.750000
-827.500000 	 2.390000 	 0.890000 	 1.750000
-828.500000 	 2.390000 	 0.890000 	 1.750000
-829.500000 	 2.390000 	 0.890000 	 1.750000
-830.500000 	 2.390000 	 0.890000 	 1.750000
-831.500000 	 2.390000 	 0.890000 	 1.750000
-832.500000 	 2.390000 	 0.890000 	 1.750000
-833.500000 	 2.390000 	 0.890000 	 1.750000
-834.500000 	 2.390000 	 0.890000 	 1.750000
-835.500000 	 2.390000 	 0.890000 	 1.750000
-836.500000 	 2.390000 	 0.890000 	 1.750000
-837.500000 	 2.390000 	 0.890000 	 1.750000
-838.500000 	 2.390000 	 0.890000 	 1.750000
-839.500000 	 2.390000 	 0.890000 	 1.750000
-840.500000 	 2.390000 	 0.890000 	 1.750000
-841.500000 	 2.390000 	 0.890000 	 1.750000
-842.500000 	 2.390000 	 0.890000 	 1.750000
-843.500000 	 2.390000 	 0.890000 	 1.750000
-844.500000 	 2.390000 	 0.890000 	 1.750000
-845.500000 	 2.390000 	 0.890000 	 1.750000
-846.500000 	 2.390000 	 0.890000 	 1.750000
-847.500000 	 2.390000 	 0.890000 	 1.750000
-848.500000 	 2.390000 	 0.890000 	 1.750000
-849.500000 	 2.390000 	 0.890000 	 1.750000
-850.500000 	 2.530000 	 1.010000 	 1.800000
-851.500000 	 2.530000 	 1.010000 	 1.800000
-852.500000 	 2.530000 	 1.010000 	 1.800000
-853.500000 	 2.530000 	 1.010000 	 1.800000
-854.500000 	 2.530000 	 1.010000 	 1.800000
-855.500000 	 2.530000 	 1.010000 	 1.800000
-856.500000 	 2.530000 	 1.010000 	 1.800000
-857.500000 	 2.530000 	 1.010000 	 1.800000
-858.500000 	 2.530000 	 1.010000 	 1.800000
-859.500000 	 2.530000 	 1.010000 	 1.800000
-860.500000 	 2.530000 	 1.010000 	 1.800000
-861.500000 	 2.530000 	 1.010000 	 1.800000
-862.500000 	 2.530000 	 1.010000 	 1.800000
-863.500000 	 2.530000 	 1.010000 	 1.800000
-864.500000 	 2.530000 	 1.010000 	 1.800000
-865.500000 	 2.530000 	 1.010000 	 1.800000
-866.500000 	 2.530000 	 1.010000 	 1.800000
-867.500000 	 2.530000 	 1.010000 	 1.800000
-868.500000 	 2.530000 	 1.010000 	 1.800000
-869.500000 	 2.530000 	 1.010000 	 1.800000
-870.500000 	 2.530000 	 1.010000 	 1.800000
-871.500000 	 2.530000 	 1.010000 	 1.800000
-872.500000 	 2.530000 	 1.010000 	 1.800000
-873.500000 	 2.530000 	 1.010000 	 1.800000
-874.500000 	 2.530000 	 1.010000 	 1.800000
-875.500000 	 2.530000 	 1.010000 	 1.800000
-876.500000 	 2.530000 	 1.010000 	 1.800000
-877.500000 	 2.530000 	 1.010000 	 1.800000
-878.500000 	 2.530000 	 1.010000 	 1.800000
-879.500000 	 2.530000 	 1.010000 	 1.800000
-880.500000 	 2.530000 	 1.010000 	 1.800000
-881.500000 	 2.530000 	 1.010000 	 1.800000
-882.500000 	 2.530000 	 1.010000 	 1.800000
-883.500000 	 2.530000 	 1.010000 	 1.800000
-884.500000 	 2.530000 	 1.010000 	 1.800000
-885.500000 	 2.530000 	 1.010000 	 1.800000
-886.500000 	 2.530000 	 1.010000 	 1.800000
-887.500000 	 2.530000 	 1.010000 	 1.800000
-888.500000 	 2.530000 	 1.010000 	 1.800000
-889.500000 	 2.530000 	 1.010000 	 1.800000
-890.500000 	 2.530000 	 1.010000 	 1.800000
-891.500000 	 2.530000 	 1.010000 	 1.800000
-892.500000 	 2.530000 	 1.010000 	 1.800000
-893.500000 	 2.530000 	 1.010000 	 1.800000
-894.500000 	 2.530000 	 1.010000 	 1.800000
-895.500000 	 2.530000 	 1.010000 	 1.800000
-896.500000 	 2.530000 	 1.010000 	 1.800000
-897.500000 	 2.530000 	 1.010000 	 1.800000
-898.500000 	 2.530000 	 1.010000 	 1.800000
-899.500000 	 2.530000 	 1.010000 	 1.800000
-900.500000 	 2.530000 	 1.010000 	 1.800000
-901.500000 	 2.530000 	 1.010000 	 1.800000
-902.500000 	 2.530000 	 1.010000 	 1.800000
-903.500000 	 2.530000 	 1.010000 	 1.800000
-904.500000 	 2.530000 	 1.010000 	 1.800000
-905.500000 	 2.530000 	 1.010000 	 1.800000
-906.500000 	 2.530000 	 1.010000 	 1.800000
-907.500000 	 2.530000 	 1.010000 	 1.800000
-908.500000 	 2.530000 	 1.010000 	 1.800000
-909.500000 	 2.530000 	 1.010000 	 1.800000
-910.500000 	 2.530000 	 1.010000 	 1.800000
-911.500000 	 2.530000 	 1.010000 	 1.800000
-912.500000 	 2.530000 	 1.010000 	 1.800000
-913.500000 	 2.530000 	 1.010000 	 1.800000
-914.500000 	 2.530000 	 1.010000 	 1.800000
-915.500000 	 2.530000 	 1.010000 	 1.800000
-916.500000 	 2.530000 	 1.010000 	 1.800000
-917.500000 	 2.530000 	 1.010000 	 1.800000
-918.500000 	 2.530000 	 1.010000 	 1.800000
-919.500000 	 2.530000 	 1.010000 	 1.800000
-920.500000 	 2.530000 	 1.010000 	 1.800000
-921.500000 	 2.530000 	 1.010000 	 1.800000
-922.500000 	 2.530000 	 1.010000 	 1.800000
-923.500000 	 2.530000 	 1.010000 	 1.800000
-924.500000 	 2.530000 	 1.010000 	 1.800000
-925.500000 	 2.530000 	 1.010000 	 1.800000
-926.500000 	 2.530000 	 1.010000 	 1.800000
-927.500000 	 2.530000 	 1.010000 	 1.800000
-928.500000 	 2.530000 	 1.010000 	 1.800000
-929.500000 	 2.530000 	 1.010000 	 1.800000
-930.500000 	 2.530000 	 1.010000 	 1.800000
-931.500000 	 2.530000 	 1.010000 	 1.800000
-932.500000 	 2.530000 	 1.010000 	 1.800000
-933.500000 	 2.530000 	 1.010000 	 1.800000
-934.500000 	 2.530000 	 1.010000 	 1.800000
-935.500000 	 2.530000 	 1.010000 	 1.800000
-936.500000 	 2.530000 	 1.010000 	 1.800000
-937.500000 	 2.530000 	 1.010000 	 1.800000
-938.500000 	 2.530000 	 1.010000 	 1.800000
-939.500000 	 2.530000 	 1.010000 	 1.800000
-940.500000 	 2.530000 	 1.010000 	 1.800000
-941.500000 	 2.530000 	 1.010000 	 1.800000
-942.500000 	 2.530000 	 1.010000 	 1.800000
-943.500000 	 2.530000 	 1.010000 	 1.800000
-944.500000 	 2.530000 	 1.010000 	 1.800000
-945.500000 	 2.530000 	 1.010000 	 1.800000
-946.500000 	 2.530000 	 1.010000 	 1.800000
-947.500000 	 2.530000 	 1.010000 	 1.800000
-948.500000 	 2.530000 	 1.010000 	 1.800000
-949.500000 	 2.530000 	 1.010000 	 1.800000
-950.500000 	 2.530000 	 1.010000 	 1.800000
-951.500000 	 2.530000 	 1.010000 	 1.800000
-952.500000 	 2.530000 	 1.010000 	 1.800000
-953.500000 	 2.530000 	 1.010000 	 1.800000
-954.500000 	 2.530000 	 1.010000 	 1.800000
-955.500000 	 2.530000 	 1.010000 	 1.800000
-956.500000 	 2.530000 	 1.010000 	 1.800000
-957.500000 	 2.530000 	 1.010000 	 1.800000
-958.500000 	 2.530000 	 1.010000 	 1.800000
-959.500000 	 2.530000 	 1.010000 	 1.800000
-960.500000 	 2.530000 	 1.010000 	 1.800000
-961.500000 	 2.530000 	 1.010000 	 1.800000
-962.500000 	 2.530000 	 1.010000 	 1.800000
-963.500000 	 2.530000 	 1.010000 	 1.800000
-964.500000 	 2.530000 	 1.010000 	 1.800000
-965.500000 	 2.530000 	 1.010000 	 1.800000
-966.500000 	 2.530000 	 1.010000 	 1.800000
-967.500000 	 2.530000 	 1.010000 	 1.800000
-968.500000 	 2.530000 	 1.010000 	 1.800000
-969.500000 	 2.530000 	 1.010000 	 1.800000
-970.500000 	 2.530000 	 1.010000 	 1.800000
-971.500000 	 2.530000 	 1.010000 	 1.800000
-972.500000 	 2.530000 	 1.010000 	 1.800000
-973.500000 	 2.530000 	 1.010000 	 1.800000
-974.500000 	 2.530000 	 1.010000 	 1.800000
-975.500000 	 2.530000 	 1.010000 	 1.800000
-976.500000 	 2.530000 	 1.010000 	 1.800000
-977.500000 	 2.530000 	 1.010000 	 1.800000
-978.500000 	 2.530000 	 1.010000 	 1.800000
-979.500000 	 2.530000 	 1.010000 	 1.800000
-980.500000 	 2.530000 	 1.010000 	 1.800000
-981.500000 	 2.530000 	 1.010000 	 1.800000
-982.500000 	 2.530000 	 1.010000 	 1.800000
-983.500000 	 2.530000 	 1.010000 	 1.800000
-984.500000 	 2.530000 	 1.010000 	 1.800000
-985.500000 	 2.530000 	 1.010000 	 1.800000
-986.500000 	 2.530000 	 1.010000 	 1.800000
-987.500000 	 2.530000 	 1.010000 	 1.800000
-988.500000 	 2.530000 	 1.010000 	 1.800000
-989.500000 	 2.530000 	 1.010000 	 1.800000
-990.500000 	 2.530000 	 1.010000 	 1.800000
-991.500000 	 2.530000 	 1.010000 	 1.800000
-992.500000 	 2.530000 	 1.010000 	 1.800000
-993.500000 	 2.530000 	 1.010000 	 1.800000
-994.500000 	 2.530000 	 1.010000 	 1.800000
-995.500000 	 2.530000 	 1.010000 	 1.800000
-996.500000 	 2.530000 	 1.010000 	 1.800000
-997.500000 	 2.530000 	 1.010000 	 1.800000
-998.500000 	 2.530000 	 1.010000 	 1.800000
-999.500000 	 2.530000 	 1.010000 	 1.800000
-1000.500000 	 2.530000 	 1.010000 	 1.800000
